,timeStamp,channel 1,channel 2,channel 3,channel 4,channel 5,channel 6,channel 7,channel 8,channel 9,channel 10,channel 11,channel 12,channel 13,channel 14,channel 15,channel 16
0,275185.00320599996,-1.7031710147857666,8.807894706726074,-18.193622589111328,37.456119537353516,-55.16080856323242,57.37116241455078,-98.18800354003906,68.02653503417969,-171.09141540527344,168.27963256835938,-109.12431335449219,210.12820434570312,-84.8710708618164,78.82820129394531,-35.84202194213867,61.48464584350586
1,275185.007206,-3.555126190185547,14.308365821838379,-27.55487823486328,60.65285110473633,-81.03202819824219,67.75089263916016,-62.77024841308594,99.18464660644531,-80.75800323486328,35.6650505065918,22.62216567993164,-80.01519775390625,110.40919494628906,-217.18191528320312,145.20567321777344,-302.937744140625
2,275185.011206,-5.135663986206055,18.676315307617188,-39.92593765258789,61.67888259887695,-68.18814849853516,54.0535774230957,-26.547611236572266,-34.93477249145508,51.44160079956055,-73.03681182861328,147.84896850585938,-182.85548400878906,138.79537963867188,-97.00015258789062,-19.857961654663086,102.81452178955078
3,275185.015206,-7.050417900085449,25.306171417236328,-38.64459991455078,42.894989013671875,-36.17512512207031,-10.154239654541016,46.99327087402344,-95.0501480102539,71.70682525634766,-90.48778533935547,32.76474380493164,64.44461822509766,-51.38090896606445,96.53669738769531,-214.10321044921875,197.51361083984375
4,275185.019206,-8.091135025024414,25.593854904174805,-38.74509811401367,25.54707145690918,10.855727195739746,-77.32551574707031,104.08157348632812,-82.9862060546875,39.922298431396484,79.98592376708984,-173.60569763183594,195.26808166503906,-52.691436767578125,-3.129840612411499,190.98489379882812,-55.5379753112793
5,275185.02320600004,-9.673140525817871,27.072589874267578,-30.613224029541016,-1.5080933570861816,51.32699203491211,-81.9259262084961,75.70942687988281,9.746697425842285,-131.093017578125,110.94775390625,-48.23308563232422,-35.43462371826172,116.34017181396484,-60.051177978515625,173.15501403808594,50.84117126464844
6,275185.02720600006,-10.649235725402832,28.885318756103516,-14.526516914367676,-28.74176025390625,69.98185729980469,-74.2290267944336,-17.177906036376953,107.83769226074219,-75.00093078613281,18.04387664794922,49.62961196899414,-97.113525390625,114.95576477050781,30.836854934692383,-353.07904052734375,226.98133850097656
7,275185.0312060001,-11.351591110229492,22.999048233032227,-1.1998944282531738,-47.48090362548828,64.50495910644531,-0.11110834032297134,-66.65547180175781,90.0815200805664,4.221328258514404,-94.94041442871094,158.89219665527344,8.664332389831543,-251.5311737060547,145.2696990966797,19.427824020385742,-227.43116760253906
8,275185.0352060001,-12.82714557647705,21.79429817199707,15.099367141723633,-49.42745590209961,23.98678970336914,67.83250427246094,-87.09620666503906,3.3098583221435547,142.5869903564453,-86.66653442382812,-84.16273498535156,234.20013427734375,-45.267120361328125,-151.9104766845703,148.8699951171875,-1.2589101791381836
9,275185.0392060001,-12.795976638793945,15.958950996398926,27.97110939025879,-49.6916618347168,-12.40126895904541,67.28570556640625,-42.84355163574219,-109.95465087890625,56.82749938964844,89.98358154296875,-129.10867309570312,15.387166976928711,138.53253173828125,-184.473876953125,-36.015785217285156,73.81729125976562
10,275185.06514819997,-14.046854972839355,8.665556907653809,43.58253479003906,-29.79425811767578,-48.29494094848633,75.42529296875,51.92060470581055,-95.96665954589844,-49.186344146728516,118.78981018066406,-0.2553204596042633,-67.41682434082031,24.29651641845703,265.08465576171875,-79.90365600585938,-175.5706787109375
11,275185.0691482,-14.778313636779785,1.9987034797668457,37.201717376708984,-6.1926655769348145,-68.52742004394531,8.532639503479004,121.2501449584961,-10.384774208068848,-149.22425842285156,33.3133544921875,194.7852783203125,-39.936805725097656,-157.74290466308594,62.4111442565918,356.54681396484375,-67.5136947631836
12,275185.0731482,-13.628332138061523,-5.253794193267822,38.666500091552734,21.983610153198242,-46.59697723388672,-55.485130310058594,61.42979431152344,88.54019927978516,-57.402835845947266,-145.4512481689453,51.81296157836914,154.62855529785156,-35.169769287109375,-145.22457885742188,-6.722689628601074,127.65876770019531
13,275185.0771482,-14.567578315734863,-10.57504940032959,33.26591873168945,45.61396789550781,-33.94685363769531,-85.68334197998047,-3.601867198944092,132.35133361816406,79.3772964477539,-72.69485473632812,-60.76408004760742,72.75242614746094,101.55915832519531,41.55255889892578,-107.11254119873047,-205.7415008544922
14,275185.0811482,-13.43028450012207,-16.32232666015625,23.35292625427246,51.608341217041016,13.769893646240234,-56.8473014831543,-78.60389709472656,27.707382202148438,127.12667083740234,56.94203186035156,-48.76546096801758,-211.80157470703125,7.023816108703613,126.21818542480469,202.51158142089844,-103.96641540527344
15,275185.08514820004,-12.193293571472168,-21.113161087036133,5.534107208251953,60.156776428222656,44.09425354003906,-19.545604705810547,-93.91732025146484,-85.15898132324219,27.349288940429688,104.29996490478516,137.53292846679688,-60.30548095703125,-131.685546875,-106.66050720214844,75.5677261352539,279.45391845703125
16,275185.08914820006,-12.045848846435547,-26.843355178833008,-8.312832832336426,33.899085998535156,84.91325378417969,49.50920104980469,-54.32089614868164,-112.08794403076172,-119.82269287109375,15.503982543945312,189.6368865966797,231.4817657470703,10.658164978027344,-80.51403045654297,-147.85206604003906,-100.44065856933594
17,275185.0931482001,-11.006890296936035,-26.746456146240234,-26.695951461791992,12.855998992919922,59.013519287109375,86.62335968017578,53.95073318481445,-28.73760414123535,-119.30670166015625,-62.71885681152344,-55.15264892578125,128.51626586914062,291.2046203613281,211.047119140625,25.301183700561523,-108.50886535644531
18,275185.0971482001,-9.8427095413208,-26.908899307250977,-30.68548011779785,-12.726621627807617,32.59813690185547,76.56243133544922,68.31681823730469,60.49411392211914,-11.322028160095215,-116.99092102050781,-154.95033264160156,-80.6125717163086,-58.70255661010742,75.91332244873047,338.6767883300781,124.91763305664062
19,275185.1011482001,-7.947093963623047,-25.10364532470703,-41.82522964477539,-32.65138244628906,-13.865460395812988,23.680028915405273,101.50617980957031,74.69957733154297,142.50601196289062,64.8665771484375,-24.476472854614258,-151.83026123046875,-173.1981658935547,-242.2782745361328,-201.2145538330078,-37.32343292236328
20,275185.1069714,-6.982137203216553,-24.35559844970703,-46.521366119384766,-51.055564880371094,-47.22865295410156,-26.23387336730957,9.665156364440918,78.87039947509766,136.35476684570312,109.92034149169922,82.82085418701172,153.8544921875,35.76318359375,-27.490751266479492,-67.2632827758789,-209.42825317382812
21,275185.1109714,-5.081912040710449,-18.517913818359375,-35.2227897644043,-63.56108856201172,-67.19029998779297,-70.42372131347656,-94.63495635986328,-31.427289962768555,-19.235685348510742,15.257218360900879,35.03755187988281,160.0098876953125,132.3214111328125,167.00997924804688,217.0605010986328,314.43341064453125
22,275185.1149714,-3.687373638153076,-13.378210067749023,-25.166156768798828,-38.55329513549805,-50.145530700683594,-72.66221618652344,-113.34660339355469,-121.21411895751953,-162.71090698242188,-184.93911743164062,-131.51852416992188,-52.35879898071289,-63.34309005737305,-28.174427032470703,-14.931778907775879,9.971503257751465
23,275185.1189714,-1.7578601837158203,-6.217690944671631,-12.618371963500977,-18.635435104370117,-31.96075439453125,-36.23295593261719,-72.33260345458984,-92.51709747314453,-48.640480041503906,-72.20854949951172,-122.47269439697266,-83.04027557373047,-216.50526428222656,-246.04061889648438,-67.04591369628906,-213.33596801757812
24,275185.12297140004,2.6632082650301925e-10,1.3431353569030762,4.637228012084961,9.554043769836426,14.58917236328125,25.604228973388672,36.83974075317383,23.516088485717773,36.5136833190918,42.071624755859375,46.545291900634766,93.90541076660156,89.708251953125,73.24947357177734,168.92153930664062,235.84559631347656
25,275185.12697140005,1.8167307376861572,7.817614555358887,19.16884994506836,39.16189193725586,56.487178802490234,87.11067199707031,70.34950256347656,100.78604125976562,99.1542739868164,134.15029907226562,99.137939453125,211.90235900878906,54.284088134765625,175.27818298339844,159.13218688964844,64.94942474365234
26,275185.13097140007,3.417170286178589,15.439349174499512,36.29142379760742,51.15873336791992,83.30118560791016,104.11558532714844,72.11995697021484,90.7307357788086,72.40299224853516,37.25387954711914,-26.803815841674805,-48.42759323120117,-111.59112548828125,-230.1494903564453,-198.5440216064453,-295.9114990234375
27,275185.1349714001,5.4190592765808105,20.32183265686035,39.74476623535156,53.992061614990234,55.117862701416016,44.45612716674805,17.32066535949707,-33.363914489746094,-59.39453125,-161.10182189941406,-191.36048889160156,-202.9799346923828,-100.59672546386719,-39.325138092041016,20.26268768310547,161.167724609375
28,275185.1389714001,7.142706394195557,26.899452209472656,46.05165481567383,45.83585739135742,32.34012985229492,-11.20228385925293,-44.26357650756836,-112.1907730102539,-121.9111328125,-95.64691162109375,-56.83462905883789,64.44998168945312,177.7364959716797,211.7587432861328,91.18878173828125,103.3072509765625
29,275185.1429714001,8.589943885803223,29.486467361450195,35.94052505493164,25.205873489379883,-17.303468704223633,-59.93818283081055,-70.35874938964844,-103.76603698730469,-21.677268981933594,89.93740844726562,182.75540161132812,181.77195739746094,143.73953247070312,-1.3575319051742554,-114.52720642089844,-310.0350341796875
30,275185.1449639,9.838223457336426,30.831796646118164,29.704809188842773,-1.6308813095092773,-56.85646057128906,-102.31260681152344,-45.83243942260742,11.505351066589355,133.736083984375,113.15994262695312,104.67784881591797,-36.73646926879883,-221.02200317382812,-97.46202850341797,-135.16322326660156,29.01470375061035
31,275185.1489639,10.897298812866211,27.729625701904297,18.062801361083984,-29.480449676513672,-63.45795822143555,-63.69024658203125,12.686115264892578,137.49595642089844,161.7928009033203,25.373458862304688,-119.95417022705078,-70.94763946533203,-64.84017944335938,58.714752197265625,61.54061508178711,161.93621826171875
32,275185.1529639,11.596628189086914,25.420270919799805,1.08442223072052,-39.05237579345703,-64.08170318603516,-0.08742070943117142,94.02877044677734,78.92060089111328,-3.78645396232605,-68.34188842773438,-92.47406768798828,4.941616058349609,254.94686889648438,276.2622375488281,-17.1063232421875,-314.68511962890625
33,275185.1569639,12.17010498046875,20.76076316833496,-13.324776649475098,-58.889862060546875,-23.333765029907227,64.38690185546875,92.58953094482422,3.891148328781128,-122.31812286376953,-63.22003173828125,70.46558380126953,143.27230834960938,31.516016006469727,-108.16950988769531,-235.06829833984375,-0.4009469747543335
34,275185.16096390004,12.956421852111816,16.413068771362305,-30.011104583740234,-59.581214904785156,12.912199020385742,82.88445281982422,28.280569076538086,-111.83069610595703,-97.33578491210938,41.21392822265625,168.06072998046875,8.13720989227295,-80.1511459350586,-42.338802337646484,40.301815032958984,42.67659378051758
35,275185.16496390005,13.727968215942383,9.471820831298828,-34.587745666503906,-26.054122924804688,55.29981994628906,57.57337188720703,-60.18790054321289,-77.73711395263672,39.31930923461914,187.51483154296875,0.4682452976703644,-199.2264404296875,-51.57002258300781,79.5829086303711,132.6420135498047,-288.69195556640625
36,275185.16896390007,13.786213874816895,2.2228732109069824,-44.30712127685547,-5.555283546447754,85.07274627685547,8.154296875,-121.07281494140625,-15.56295108795166,172.9969024658203,16.63346290588379,-196.1107635498047,-16.244062423706055,106.17142486572266,63.07469940185547,-124.63479614257812,-28.7924861907959
37,275185.1729639001,14.184423446655273,-5.135669231414795,-39.53248596191406,19.29574203491211,69.36060333251953,-44.20786666870117,-82.06845092773438,113.78052520751953,98.32980346679688,-124.3367919921875,-63.06669616699219,131.71420288085938,40.02619934082031,-232.65182495117188,13.460882186889648,313.6421813964844
38,275185.1769639001,14.534099578857422,-11.155328750610352,-28.637012481689453,38.992156982421875,36.48975372314453,-71.25393676757812,3.9798383712768555,69.4944076538086,-82.04449462890625,-151.68618774414062,79.27994537353516,35.74207305908203,-94.92388916015625,35.22755432128906,315.873291015625,-209.99818420410156
39,275185.1809639001,13.96601676940918,-16.188491821289062,-23.852922439575195,50.413448333740234,-12.05948543548584,-78.35218048095703,58.4866943359375,19.981971740722656,-124.9512710571289,74.87133026123047,130.3212432861328,-206.70504760742188,-6.8703083992004395,208.16859436035156,-146.0172576904297,-195.1061553955078
40,275185.2126236,12.17727279663086,-20.604310989379883,-6.760865211486816,51.34280776977539,-42.26968002319336,-15.81628131866455,75.8779067993164,-102.88235473632812,-49.97984313964844,122.28837585449219,-111.07270812988281,-108.10128784179688,267.3232727050781,-41.037208557128906,-83.18766021728516,197.0472869873047
41,275185.2166236,11.63943099975586,-23.91741943359375,10.147815704345703,40.25187301635742,-85.32124328613281,42.83070755004883,56.780757904052734,-82.17131042480469,55.747196197509766,31.15753936767578,-89.83522033691406,139.25772094726562,-19.83526039123535,-60.24661636352539,171.08966064453125,-120.44873046875
42,275185.2206236,11.103123664855957,-27.213764190673828,22.405832290649414,10.816316604614258,-60.20014572143555,62.739402770996094,-30.397863388061523,-45.51212692260742,89.38716888427734,-124.93167877197266,36.29757308959961,112.53471374511719,-127.04624938964844,201.85267639160156,-26.128284454345703,-75.89016723632812
43,275185.2246236,9.259893417358398,-29.077783584594727,32.21476745605469,-17.08909034729004,-35.6922492980957,84.58050537109375,-103.30404663085938,54.190086364746094,18.36671257019043,-74.42159271240234,163.72283935546875,-188.53958129882812,23.247865676879883,117.98564147949219,-299.9580078125,360.5229797363281
44,275185.22862360004,8.508578300476074,-28.024370193481445,46.786033630371094,-41.92387390136719,14.104801177978516,36.0705680847168,-60.01340103149414,131.13967895507812,-95.71078491210938,70.33275604248047,24.06355857849121,-92.51798248291016,163.7897186279297,-228.75677490234375,74.77180480957031,-35.16817855834961
45,275185.23262360005,7.052857398986816,-25.041545867919922,42.635406494140625,-60.777557373046875,56.54981994628906,-26.87359046936035,-5.71427583694458,57.58154296875,-117.03555297851562,116.55236053466797,-144.8924102783203,124.0076675415039,-95.44329071044922,-27.639772415161133,43.08683395385742,-201.5662841796875
46,275185.23662360007,5.402400970458984,-19.992116928100586,38.072906494140625,-54.590240478515625,76.05398559570312,-90.87858581542969,84.02871704101562,-46.53837203979492,24.046478271484375,25.793563842773438,-38.8165397644043,117.197509765625,-153.431396484375,213.28179931640625,-161.36752319335938,325.702880859375
47,275185.2406236001,3.5995423793792725,-13.153494834899902,21.94122314453125,-38.12240219116211,69.15438079833984,-74.1507339477539,105.5539321899414,-111.96501922607422,70.0113754272461,-113.2011489868164,90.05719757080078,-168.64288330078125,53.427879333496094,-52.44755554199219,24.222253799438477,48.66147232055664
48,275185.2446236001,1.7191691398620605,-6.109921932220459,13.052839279174805,-19.417264938354492,33.192161560058594,-51.59654998779297,51.54994201660156,-51.281375885009766,107.89176940917969,-71.76667785644531,96.9508285522461,-109.58440399169922,160.46702575683594,-178.60049438476562,280.9699401855469,-118.10186004638672
49,275185.2486236001,-2.5322841046282463e-10,1.3123664855957031,-4.297177791595459,7.505068302154541,-13.316052436828613,24.41655158996582,-25.96387481689453,49.56364059448242,-38.57148742675781,88.00847625732422,-82.96067810058594,91.42347717285156,-91.5546875,159.3465118408203,-163.79965209960938,38.332035064697266
50,275185.2579648,-1.7818747758865356,7.601404666900635,-19.429767608642578,29.4958553314209,-41.24980163574219,51.98985290527344,-65.85448455810547,93.76404571533203,-171.07894897460938,173.67294311523438,-87.23217010498047,138.3282470703125,-192.93936157226562,116.07750701904297,-44.660972595214844,85.93476867675781
51,275185.2619648,-3.434722423553467,14.21355152130127,-35.29258346557617,42.598567962646484,-63.26277542114258,69.25250244140625,-90.22352600097656,54.92744827270508,-49.76883316040039,28.909122467041016,18.4262638092041,-47.588260650634766,90.93250274658203,-175.9945526123047,100.48794555664062,-366.9574890136719
52,275185.2659648,-4.990686416625977,20.672042846679688,-35.746620178222656,53.99813461303711,-54.42920684814453,40.06305694580078,-22.191972732543945,-29.255535125732422,50.62262725830078,-180.34649658203125,175.36793518066406,-71.63697052001953,205.0409393310547,-109.20938873291016,-16.26656150817871,97.48269653320312
53,275185.26996480004,-6.841715335845947,25.402894973754883,-41.65921401977539,43.16284942626953,-28.497438430786133,-13.572017669677734,41.094974517822266,-93.2974853515625,128.58412170410156,-132.77487182617188,47.633277893066406,29.997480392456055,-68.66449737548828,200.17141723632812,-330.9327392578125,159.25538635253906
54,275185.27396480006,-8.307388305664062,24.781558990478516,-33.85917282104492,29.039030075073242,12.61652946472168,-78.85356140136719,70.57593536376953,-93.06161499023438,33.735328674316406,86.21394348144531,-163.1337432861328,228.64599609375,-112.69912719726562,-1.959908127784729,218.60601806640625,-331.51373291015625
55,275185.2779648001,-9.893855094909668,29.928878784179688,-31.304414749145508,-1.3756294250488281,43.31586456298828,-103.32371520996094,73.9952621459961,12.308821678161621,-111.1108627319336,193.87307739257812,-81.96577453613281,-27.03881072998047,99.99546813964844,-229.01022338867188,48.4976692199707,19.16643714904785
56,275185.2819648001,-11.215801239013672,29.985755920410156,-14.680034637451172,-24.30181312561035,81.57737731933594,-64.6672592163086,-21.615371704101562,75.39833068847656,-126.65039825439453,16.217880249023438,59.48675537109375,-154.09291076660156,53.827823638916016,110.56432342529297,-129.2576904296875,135.87782287597656
57,275185.2859648001,-12.44776439666748,25.62955093383789,-0.9926828742027283,-41.37877655029297,58.8115119934082,-0.08381213247776031,-78.38803100585938,64.01380157470703,2.2764086723327637,-78.29766082763672,76.52705383300781,10.622945785522461,-173.25132751464844,227.31398010253906,14.879792213439941,-353.64764404296875
58,275185.2899648001,-12.938206672668457,19.05144500732422,14.086125373840332,-60.12839126586914,29.49761962890625,55.01725387573242,-72.94132995605469,3.683120012283325,165.05828857421875,-136.85836791992188,-30.55393409729004,197.5032196044922,-62.90522003173828,-196.46238708496094,293.6454162597656,-0.9912864565849304
59,275185.29396480013,-13.997793197631836,15.025933265686035,27.364463806152344,-48.54246520996094,-15.32202434539795,109.06011962890625,-28.374513626098633,-131.3707275390625,78.03660583496094,63.53751754760742,-215.47662353515625,9.144253730773926,235.3026885986328,-188.66384887695312,-165.537841796875,164.97735595703125
60,275185.28211549995,-13.348464012145996,9.547826766967773,33.135772705078125,-32.68283462524414,-48.201576232910156,50.73142623901367,69.00941467285156,-128.8970184326172,-20.004940032958984,171.4972686767578,-0.5314729809761047,-245.9321746826172,45.57815170288086,141.90179443359375,-81.00208282470703,-93.8108901977539
61,275185.28611549997,-13.637560844421387,2.3037476539611816,45.76975631713867,-6.818968772888184,-66.67259216308594,8.483165740966797,104.4549560546875,-24.00489044189453,-141.3423309326172,24.76369285583496,141.17140197753906,-44.89360809326172,-172.86752319335938,62.9296989440918,196.71051025390625,-102.11592864990234
62,275185.2901155,-14.123631477355957,-4.599961280822754,42.214786529541016,20.20123291015625,-66.12841796875,-46.85549545288086,57.44893264770508,62.2769775390625,-76.83721923828125,-166.55685424804688,77.18168640136719,229.73587036132812,-45.61216354370117,-184.6441192626953,-14.853646278381348,306.60699462890625
63,275185.2941155,-13.727667808532715,-11.094389915466309,33.206600189208984,41.554256439208984,-28.516403198242188,-59.566261291503906,-4.096095561981201,114.88558959960938,66.52762603759766,-95.8218994140625,-100.95626068115234,44.31110763549805,253.0924072265625,15.524412155151367,-185.0906982421875,-210.15884399414062
64,275185.2981155,-13.23917007446289,-17.43915557861328,22.719524383544922,58.40489196777344,14.686005592346191,-86.97769927978516,-83.25000762939453,36.26138687133789,172.16209411621094,88.45378875732422,-119.8927993774414,-126.58744812011719,4.857624530792236,127.42925262451172,110.6099853515625,-86.50308990478516
65,275185.30211550003,-12.704915046691895,-21.421228408813477,7.114383220672607,54.586585998535156,62.79008483886719,-18.506013870239258,-114.35371398925781,-46.35836410522461,33.050010681152344,104.7533950805664,140.4843292236328,-84.49507141113281,-108.5472183227539,-140.8224334716797,160.12716674804688,164.49224853515625
66,275185.30611550005,-12.279645919799805,-24.9251766204834,-10.596003532409668,33.73625946044922,59.33626174926758,34.607051849365234,-33.15226745605469,-93.28064727783203,-83.20093536376953,16.19182777404785,170.03419494628906,73.47229766845703,18.63654327392578,-234.94508361816406,-85.86482238769531,-91.62474822998047
67,275185.31011550006,-11.342503547668457,-25.658592224121094,-26.41118049621582,13.303430557250977,64.7525405883789,93.22492980957031,49.76338577270508,-53.59707260131836,-156.3983917236328,-133.60963439941406,-52.164146423339844,139.86065673828125,188.89749145507812,189.5636444091797,19.79113006591797,-108.9340591430664
68,275185.3141155001,-10.010224342346191,-30.316518783569336,-38.491146087646484,-14.632062911987305,30.97297477722168,78.95579528808594,69.86492156982422,47.88657760620117,-17.632434844970703,-119.10248565673828,-128.8701171875,-83.85845184326172,-32.43342590332031,34.373382568359375,123.85541534423828,60.353477478027344
69,275185.3181155001,-8.561945915222168,-24.566612243652344,-47.07609558105469,-36.73481750488281,-13.951210021972656,24.05087661743164,99.39339447021484,117.49523162841797,81.86483764648438,90.48457336425781,-29.990068435668945,-78.11933898925781,-121.42559814453125,-169.54371643066406,-137.86521911621094,-45.668853759765625
70,275185.3310796,-6.886914253234863,-22.147531509399414,-36.77661895751953,-45.13740539550781,-48.850276947021484,-33.521583557128906,5.2275166511535645,34.34261703491211,106.86003875732422,146.86520385742188,123.60783386230469,70.88797760009766,38.13467788696289,-34.666194915771484,-59.030094146728516,-149.44996643066406
71,275185.3350796,-5.0206427574157715,-18.66613006591797,-40.63885498046875,-54.3248405456543,-63.43117904663086,-81.74628448486328,-90.7637710571289,-62.633941650390625,-24.181652069091797,36.96613693237305,55.39822006225586,84.99657440185547,95.98467254638672,183.13734436035156,83.51262664794922,292.9412841796875
72,275185.3390796,-3.606287717819214,-12.41112995147705,-29.66343116760254,-35.078311920166016,-51.168697357177734,-67.6742172241211,-107.1158447265625,-88.43606567382812,-126.1389389038086,-84.89695739746094,-96.58345794677734,-156.8190460205078,-62.651214599609375,-61.90000915527344,-21.934499740600586,34.02949523925781
73,275185.3430796,-1.726552963256836,-5.119236946105957,-12.38446044921875,-23.071369171142578,-32.633522033691406,-47.65898513793945,-59.89994812011719,-84.08204650878906,-53.83159255981445,-149.14248657226562,-80.93050384521484,-200.0569610595703,-84.86775207519531,-147.74925231933594,-295.4923095703125,-51.88102722167969
74,275185.34707960003,2.6612495540589975e-10,1.5475698709487915,3.8526523113250732,9.568075180053711,14.154764175415039,26.33347511291504,21.699106216430664,23.59200096130371,65.41370391845703,69.89933776855469,92.8879623413086,139.3765411376953,41.590824127197266,188.92127990722656,230.64527893066406,187.01571655273438
75,275185.35107960005,1.6973134279251099,7.997684001922607,21.26066017150879,27.95588493347168,50.099700927734375,74.47395324707031,92.17837524414062,82.04893493652344,85.03128051757812,158.95660400390625,188.66549682617188,124.15382385253906,70.58604431152344,159.834716796875,63.68814468383789,104.26604461669922
76,275185.35507960006,3.449679374694824,14.8265380859375,36.26971435546875,54.3471565246582,53.26096725463867,63.81287384033203,89.1246337890625,54.419960021972656,37.132747650146484,20.306079864501953,-13.740010261535645,-70.5309066772461,-120.06600189208984,-82.90929412841797,-285.5081787109375,-395.2384948730469
77,275185.3590796001,5.215460777282715,19.70273780822754,36.04636764526367,46.892330169677734,51.41492462158203,49.02172088623047,24.18984031677246,-24.06223487854004,-109.20445251464844,-92.65426635742188,-181.53012084960938,-193.87283325195312,-129.08108520507812,-25.3079891204834,12.202765464782715,50.57154846191406
78,275185.3630796001,6.840835094451904,25.42268180847168,45.99300003051758,45.283409118652344,24.015771865844727,-9.901500701904297,-58.81026840209961,-76.22602081298828,-111.19828033447266,-121.74801635742188,-43.37623977661133,48.50471878051758,104.42021179199219,98.97763061523438,140.0106658935547,227.53651428222656
79,275185.3670796001,8.296128273010254,25.866649627685547,37.97365188598633,30.42560386657715,-12.468512535095215,-71.47164154052734,-89.19142150878906,-76.58683776855469,-18.303510665893555,38.271766662597656,144.9671630859375,111.35143280029297,155.0636749267578,-1.709191918373108,-53.918365478515625,-221.08267211914062
80,275185.36622529995,9.253053665161133,30.398618698120117,25.576541900634766,-1.1964311599731445,-42.919769287109375,-61.50837707519531,-71.4128646850586,9.464776039123535,132.60980224609375,182.13136291503906,94.5794448852539,-39.238128662109375,-123.27645111083984,-74.48047637939453,-78.33841705322266,86.93441009521484
81,275185.37022529996,11.001385688781738,26.521495819091797,16.001108169555664,-30.166053771972656,-56.89040756225586,-68.69591522216797,22.676799774169922,64.2031021118164,104.23808288574219,14.023019790649414,-159.45004272460938,-228.55364990234375,-72.88056182861328,39.75435256958008,227.89608764648438,139.75509643554688
82,275185.3742253,12.371441841125488,23.172183990478516,1.0953367948532104,-57.59758377075195,-76.54735565185547,-0.0963519960641861,76.97334289550781,122.13975524902344,-2.2445435523986816,-146.2744598388672,-131.146240234375,3.85526180267334,266.6380615234375,248.9059600830078,-26.531766891479492,-306.7562561035156
83,275185.3782253,12.866053581237793,20.499725341796875,-13.68164348602295,-62.425411224365234,-26.126237869262695,41.06821823120117,94.43341827392578,2.476916551589966,-130.94615173339844,-149.2786865234375,51.33657455444336,78.06466674804688,114.1615219116211,-150.92984008789062,-237.23521423339844,-1.3391939401626587
84,275185.3822253,14.073234558105469,14.159053802490234,-25.64751434326172,-55.494873046875,15.6343994140625,98.38858795166016,35.2835578918457,-125.76022338867188,-70.94419860839844,56.87610626220703,126.87699890136719,20.31389808654785,-246.79766845703125,-100.30522918701172,107.99060821533203,315.735107421875
85,275185.3862253,13.70964527130127,9.028535842895508,-39.48539733886719,-26.92094612121582,39.97942352294922,57.370628356933594,-47.587890625,-80.513916015625,33.616390228271484,137.0037384033203,0.2870558798313141,-195.4384307861328,-65.73056030273438,56.56716537475586,119.60840606689453,-218.61363220214844
86,275185.39022530004,14.033851623535156,2.229994297027588,-47.0412483215332,-5.115600109100342,67.55070495605469,10.842924118041992,-102.62583923339844,-10.906245231628418,159.12026977539062,30.018455505371094,-131.19300842285156,-21.013832092285156,294.004638671875,43.77296447753906,-73.47612762451172,-17.74653434753418
87,275185.39422530006,13.789563179016113,-4.635420799255371,-35.81755447387695,19.106584548950195,64.32220458984375,-37.37821578979492,-50.889617919921875,69.3261947631836,69.09957885742188,-121.82848358154297,-46.32100296020508,139.159423828125,37.54719924926758,-139.7162322998047,11.379613876342773,291.6324157714844
88,275185.3982253001,13.696133613586426,-11.86879825592041,-34.70547866821289,43.475250244140625,35.17856979370117,-76.40304565429688,3.411911964416504,76.32915496826172,-37.375362396240234,-65.9929428100586,176.4002227783203,24.05898094177246,-272.2005310058594,20.2774600982666,131.5649871826172,-115.59661102294922
89,275185.4022253001,12.880176544189453,-17.16688346862793,-21.02760124206543,48.776466369628906,-16.925962448120117,-82.76856231689453,96.16204071044922,27.859233856201172,-180.25181579589844,84.18801879882812,147.78065490722656,-74.19686126708984,-3.269320249557495,100.98799133300781,-149.84756469726562,-138.55758666992188
90,275185.429963,12.27059268951416,-22.758752822875977,-7.072947978973389,47.281089782714844,-64.21151733398438,-25.18252944946289,104.5300521850586,-51.42432403564453,-39.92185974121094,195.80767822265625,-74.25077056884766,-104.39662170410156,244.6990966796875,-153.54856872558594,-124.16973876953125,131.69253540039062
91,275185.433963,12.319525718688965,-24.7707576751709,9.043817520141602,43.20323944091797,-64.22358703613281,39.226104736328125,29.83244514465332,-71.9546890258789,59.465972900390625,22.914960861206055,-144.1392364501953,207.4146728515625,-13.00833797454834,-101.41053771972656,100.21016693115234,-98.34134674072266
92,275185.43796300003,10.879749298095703,-28.576000213623047,27.237300872802734,13.77173137664795,-51.979339599609375,64.92068481445312,-30.39898109436035,-59.9051628112793,112.9007568359375,-125.70491027832031,23.544452667236328,106.16510772705078,-86.82723999023438,173.4229736328125,-16.430438995361328,-220.6356658935547
93,275185.44196300005,9.915404319763184,-30.279111862182617,33.68840408325195,-15.240243911743164,-34.24356460571289,73.19830322265625,-92.2426986694336,84.57303619384766,16.05728530883789,-121.07096862792969,141.21519470214844,-69.53816986083984,17.193330764770508,35.643497467041016,-50.23829650878906,230.9739990234375
94,275185.44596300006,8.491843223571777,-25.88380241394043,39.54877471923828,-41.68089294433594,12.48178482055664,34.933807373046875,-58.52884292602539,132.07366943359375,-132.72865295410156,52.71347427368164,12.24782943725586,-131.42910766601562,128.22085571289062,-65.2904281616211,118.31363677978516,-24.30803680419922
95,275185.4499630001,6.473423957824707,-21.657684326171875,37.39732360839844,-55.71649932861328,41.732215881347656,-26.342222213745117,-5.643613338470459,61.2423095703125,-86.34397888183594,200.4265594482422,-218.52120971679688,105.43511199951172,-28.768217086791992,-7.790281295776367,152.6537322998047,-227.70480346679688
96,275185.4539630001,5.097684383392334,-18.329769134521484,34.77615737915039,-60.06532669067383,78.53025817871094,-92.8859634399414,88.56912994384766,-33.322021484375,17.13120460510254,21.30577278137207,-62.784812927246094,63.73586654663086,-216.39248657226562,59.85322570800781,-271.3506164550781,328.8049011230469
97,275185.4579630001,3.3798978328704834,-13.14559268951416,22.087305068969727,-45.37482833862305,76.57327270507812,-66.37627410888672,77.79871368408203,-88.94910430908203,71.01600646972656,-138.3110809326172,170.4167938232422,-74.1906509399414,106.95659637451172,-18.928014755249023,16.244747161865234,43.86501693725586
98,275185.4619630001,1.776655912399292,-5.127748489379883,9.980908393859863,-22.559566497802734,26.49819564819336,-43.59501266479492,47.504722595214844,-72.29949188232422,75.84381103515625,-140.49485778808594,153.7519989013672,-64.69832611083984,197.07798767089844,-107.48209381103516,50.22956085205078,-205.1405029296875
99,275185.46596300014,-2.705664303714883e-10,1.4623852968215942,-4.311384201049805,9.313643455505371,-13.429508209228516,18.884567260742188,-33.06644058227539,37.808902740478516,-71.37545013427734,70.35845184326172,-92.22315216064453,105.21267700195312,-167.2333984375,149.8480987548828,-138.05154418945312,253.18663024902344
100,275185.47601569997,-1.7457695007324219,8.474347114562988,-18.87342643737793,28.838516235351562,-43.82764434814453,51.71281433105469,-103.33580017089844,131.1185760498047,-148.77206420898438,96.63420104980469,-96.5552749633789,140.74575805664062,-229.2780303955078,51.57229232788086,-151.94793701171875,137.46234130859375
101,275185.4800157,-3.677696466445923,16.028087615966797,-33.42301940917969,60.57950210571289,-60.00101852416992,95.92839813232422,-66.18395233154297,62.51617431640625,-65.24907684326172,31.16743278503418,13.001736640930176,-32.96731948852539,68.6823959350586,-154.4568634033203,244.13723754882812,-125.3350830078125
102,275185.4840157,-5.071723937988281,20.784217834472656,-40.60325241088867,47.917381286621094,-71.9168930053711,59.698368072509766,-14.29712963104248,-27.002870559692383,94.3418960571289,-148.04537963867188,105.69065856933594,-70.7969970703125,53.447872161865234,-66.06771850585938,-17.890243530273438,134.43380737304688
103,275185.4880157,-6.702935695648193,24.89838218688965,-41.406368255615234,53.641475677490234,-34.624053955078125,-8.678189277648926,69.95824432373047,-89.22999572753906,94.58007049560547,-67.17984008789062,19.29052734375,24.704753875732422,-219.05323791503906,236.97811889648438,-71.8794937133789,87.78973388671875
104,275185.49201570003,-8.724784851074219,25.664201736450195,-38.97736740112305,30.63599395751953,15.839122772216797,-70.0958023071289,83.53717803955078,-120.77986907958984,34.705753326416016,36.848697662353516,-148.57801818847656,224.8218231201172,-39.412925720214844,-5.474897861480713,111.35589599609375,-342.982666015625
105,275185.49601570005,-9.480067253112793,29.190704345703125,-30.45728302001953,-1.2529250383377075,63.599098205566406,-99.12537384033203,81.26814270019531,8.227089881896973,-90.53445434570312,158.81239318847656,-121.5130844116211,-33.397071838378906,186.4141387939453,-193.58689880371094,174.58416748046875,98.63895416259766
106,275185.50001570006,-10.57472038269043,29.07522201538086,-15.93100357055664,-30.245868682861328,82.00151062011719,-55.74925994873047,-11.338332176208496,113.96378326416016,-132.36672973632812,24.000308990478516,68.92388153076172,-150.81619262695312,83.41384887695312,45.565547943115234,-210.0543212890625,89.33212280273438
107,275185.5040157001,-12.523699760437012,22.640424728393555,-0.9959694147109985,-45.46928024291992,73.72431182861328,-0.1214597076177597,-106.23297119140625,81.85942840576172,3.7521450519561768,-153.83384704589844,127.22857666015625,4.854647636413574,-197.60609436035156,243.787353515625,25.819969177246094,-51.662899017333984
108,275185.5080157001,-12.824959754943848,21.4688720703125,13.717411994934082,-59.25983428955078,35.232112884521484,46.782657623291016,-73.70845031738281,2.10038685798645,141.4246826171875,-118.2640151977539,-49.736412048339844,178.14820861816406,-71.84762573242188,-205.75030517578125,88.56590270996094,-0.18538905680179596
109,275185.5120157001,-13.75548267364502,14.638750076293945,26.511863708496094,-55.35623550415039,-11.325884819030762,70.42787170410156,-30.086206436157227,-104.08538818359375,101.14998626708984,85.13807678222656,-154.54727172851562,6.598611354827881,139.71987915039062,-88.23822021484375,-73.41670989990234,363.2615051269531
110,275185.5255696,-13.417317390441895,9.094261169433594,32.804805755615234,-34.89006423950195,-64.63916015625,51.576778411865234,41.879310607910156,-95.50196075439453,-32.200294494628906,73.9100570678711,-0.5622490644454956,-130.9420166015625,79.11910247802734,214.23101806640625,-49.8846321105957,-65.7879638671875
111,275185.5295696,-13.94910717010498,2.097447156906128,40.8325080871582,-5.992977619171143,-68.28644561767578,13.692660331726074,88.07206726074219,-10.56333065032959,-103.23822021484375,15.801258087158203,162.2141571044922,-31.317197799682617,-126.36404418945312,31.523239135742188,128.80191040039062,-72.661376953125
112,275185.5335696,-14.176861763000488,-4.788782119750977,44.27718734741211,18.60154914855957,-55.83586120605469,-58.10134506225586,71.73466491699219,112.29315948486328,-68.11698150634766,-147.3150634765625,69.38531494140625,253.05935668945312,-30.801706314086914,-330.0975341796875,-10.202631950378418,109.07867431640625
113,275185.53756960004,-13.605766296386719,-10.921207427978516,31.685279846191406,45.766456604003906,-22.266258239746094,-65.19905853271484,-5.376220703125,111.20417785644531,75.67594146728516,-64.76729583740234,-157.04527282714844,24.043033599853516,146.56288146972656,37.15066146850586,-127.3770751953125,-112.10646057128906
114,275185.54156960006,-14.047344207763672,-18.60284423828125,22.46591567993164,49.44291305541992,11.82674789428711,-84.8989486694336,-75.09254455566406,42.43446350097656,123.657958984375,67.2654037475586,-129.75167846679688,-214.65420532226562,2.578838348388672,69.66378784179688,138.2174072265625,-41.56489944458008
115,275185.5455696001,-12.436612129211426,-22.34613609313965,6.72525691986084,58.002113342285156,58.587562561035156,-21.717790603637695,-125.82121276855469,-69.86695861816406,35.769813537597656,141.95501708984375,71.40721893310547,-53.40645217895508,-296.9532775878906,-86.25994873046875,117.12467956542969,353.642578125
116,275185.5495696001,-12.26059627532959,-24.55890655517578,-8.607133865356445,43.63711166381836,61.47909164428711,48.50363540649414,-48.85318374633789,-138.52699279785156,-106.20256042480469,29.243459701538086,141.0091552734375,230.76727294921875,19.912084579467773,-170.77256774902344,-65.0329360961914,-34.02790069580078
117,275185.5535696001,-11.250758171081543,-29.493032455444336,-23.075664520263672,12.840752601623535,51.869285583496094,70.5478744506836,48.99654769897461,-31.221176147460938,-75.3705062866211,-162.2578125,-58.675785064697266,129.53445434570312,264.4820556640625,189.02984619140625,23.849903106689453,-33.528839111328125
118,275185.5575696001,-9.254676818847656,-27.022523880004883,-31.42940330505371,-15.052485466003418,27.89078712463379,90.88543701171875,112.75963592529297,65.51904296875,-13.160109519958496,-151.61131286621094,-240.6804656982422,-108.60009002685547,-49.886348724365234,41.996498107910156,278.3717041015625,363.638671875
119,275185.56156960013,-8.154748916625977,-26.16967010498047,-41.29269027709961,-43.17753601074219,-13.757286071777344,28.669157028198242,54.00273132324219,84.7093734741211,120.22933959960938,34.12013626098633,-10.724327087402344,-49.666263580322266,-179.7061004638672,-246.79237365722656,-166.0731201171875,-35.87148666381836
120,275185.5437912,-6.793736457824707,-21.36520767211914,-44.53156661987305,-64.51309967041016,-52.97467803955078,-31.166776657104492,6.1872334480285645,71.78134155273438,113.7697525024414,167.72323608398438,205.23158264160156,126.18036651611328,47.83134841918945,-21.552879333496094,-131.5188751220703,-335.7086486816406
121,275185.5477912,-5.183094024658203,-18.41037940979004,-32.53256607055664,-48.95379638671875,-60.76484680175781,-97.58622741699219,-54.46958541870117,-66.06791687011719,-16.790647506713867,15.703755378723145,61.72317886352539,179.02159118652344,177.9466552734375,196.2919464111328,157.98150634765625,337.0289611816406
122,275185.5517912,-3.3900017738342285,-13.013532638549805,-25.07103157043457,-37.66011428833008,-60.783077239990234,-69.2011489868164,-115.50166320800781,-69.37944030761719,-119.1634750366211,-91.0885009765625,-143.1448974609375,-129.86618041992188,-128.60450744628906,-33.21578598022461,-22.48628807067871,10.273941040039062
123,275185.5557912,-1.804953932762146,-5.094941139221191,-11.14915657043457,-22.83014488220215,-23.485048294067383,-34.8193473815918,-42.93832778930664,-65.87290954589844,-85.6015396118164,-70.95642852783203,-122.91667175292969,-136.5719451904297,-139.9791717529297,-227.87005615234375,-84.74943542480469,-302.38848876953125
124,275185.55979120004,2.5610616405380426e-10,1.3168222904205322,4.383821964263916,8.66452693939209,13.389911651611328,26.04379653930664,36.08718490600586,30.1787052154541,37.68656921386719,44.63128662109375,99.54670715332031,91.40747833251953,119.53839111328125,69.59275817871094,201.75099182128906,234.25704956054688
125,275185.56379120005,1.6896357536315918,7.645739555358887,18.82268524169922,32.29324722290039,54.715511322021484,56.71541213989258,90.95075988769531,81.12298583984375,155.5175018310547,110.38687896728516,107.368896484375,93.62100982666016,141.50750732421875,96.88385009765625,152.7464141845703,87.77452087402344
126,275185.56779120007,3.5884621143341064,15.890616416931152,30.997411727905273,41.8382568359375,58.70306396484375,63.727333068847656,83.95734405517578,69.70228576660156,78.01588439941406,29.723012924194336,-8.955697059631348,-68.08953857421875,-99.77750396728516,-272.9010314941406,-167.72915649414062,-312.53778076171875
127,275185.5717912001,5.372346878051758,19.193756103515625,37.60868453979492,45.4323844909668,49.65509796142578,52.72038269042969,21.67240333557129,-26.458053588867188,-103.44596862792969,-88.47156524658203,-96.44783020019531,-224.43785095214844,-138.00184631347656,-76.82315826416016,17.599515914916992,41.17232131958008
128,275185.5757912001,6.69841194152832,26.463699340820312,41.45453643798828,49.565330505371094,35.01583480834961,-12.736502647399902,-78.85292053222656,-68.0206527709961,-101.2444076538086,-128.9544677734375,-30.87773895263672,55.497528076171875,133.96279907226562,228.3153533935547,221.2066192626953,218.29013061523438
129,275185.5797912001,7.945656776428223,25.322372436523438,39.15618896484375,30.118453979492188,-10.74661636352539,-65.99573516845703,-126.40021514892578,-104.07698059082031,-31.039886474609375,43.64744567871094,147.3817901611328,215.90760803222656,140.62478637695312,-3.0820488929748535,-235.91586303710938,-191.5324249267578
130,275185.60249779996,9.563363075256348,27.4409236907959,26.004833221435547,-1.4662141799926758,-46.66748809814453,-90.54961395263672,-54.347530364990234,13.957392692565918,79.13044738769531,113.54548645019531,60.410667419433594,-27.190834045410156,-150.97979736328125,-259.6737365722656,-101.07706451416016,15.57778263092041
131,275185.6064978,11.034051895141602,26.13678741455078,14.606696128845215,-33.79153823852539,-61.41465377807617,-70.4058609008789,21.53837776184082,96.45643615722656,152.11627197265625,20.72509765625,-101.45316314697266,-74.59491729736328,-92.10173034667969,37.703819274902344,331.6619873046875,93.1871109008789
132,275185.6104978,12.248455047607422,27.346759796142578,1.0630183219909668,-57.41423034667969,-57.3555793762207,-0.11543000489473343,90.07463073730469,104.82077026367188,-3.097172498703003,-174.7738494873047,-61.91640853881836,5.456836223602295,153.78733825683594,103.04487609863281,-10.978635787963867,-72.34387969970703
133,275185.6144978,12.582449913024902,21.485166549682617,-16.12702178955078,-55.511234283447266,-22.12148094177246,71.37798309326172,79.9718017578125,3.5431957244873047,-89.52019500732422,-136.01890563964844,72.71395111083984,103.78776550292969,90.08350372314453,-113.66648864746094,-154.19015502929688,-1.1376450061798096
134,275185.6184978,12.99506950378418,15.618146896362305,-29.52076530456543,-49.47890090942383,11.8359956741333,75.38744354248047,39.46317672729492,-69.65763854980469,-87.13334655761719,84.44097137451172,103.31446075439453,15.17847728729248,-77.07317352294922,-104.68035125732422,203.1895751953125,242.44366455078125
135,275185.62249780004,13.297894477844238,8.270540237426758,-33.55495071411133,-31.70346450805664,58.38516616821289,83.42780303955078,-43.15370178222656,-140.62545776367188,44.87663269042969,112.47854614257812,0.5569483041763306,-111.13114166259766,-41.740787506103516,237.47511291503906,186.89305114746094,-193.03172302246094
136,275185.62649780005,13.971024513244629,2.3050291538238525,-38.68544006347656,-5.275440216064453,80.53311920166016,11.908102035522461,-112.7462158203125,-20.52947235107422,125.733642578125,22.864879608154297,-176.39678955078125,-50.90283966064453,136.904541015625,35.53200149536133,-327.57879638671875,-94.51969146728516
137,275185.63049780007,14.675152778625488,-4.578416347503662,-38.545738220214844,21.635801315307617,59.118133544921875,-34.882667541503906,-63.480201721191406,54.88911437988281,43.838401794433594,-63.4471549987793,-76.63368225097656,235.0433807373047,23.641427993774414,-274.8107604980469,7.323347568511963,96.47518920898438
138,275185.6344978001,14.242517471313477,-10.75294303894043,-29.1932430267334,47.988712310791016,29.26378631591797,-103.90703582763672,6.424110412597656,147.4326629638672,-67.60274505615234,-121.26264190673828,84.70724487304688,25.12476348876953,-205.9443817138672,16.694547653198242,114.19849395751953,-230.8373565673828
139,275185.6384978001,13.051108360290527,-17.258508682250977,-22.2100887298584,62.753929138183594,-11.930639266967773,-85.07134246826172,89.28471374511719,19.751842498779297,-75.56417846679688,37.743324279785156,103.53263854980469,-74.19339752197266,-4.939921855926514,246.164794921875,-156.3787841796875,-147.0134735107422
140,275185.64240729995,13.370378494262695,-20.726303100585938,-6.199532508850098,59.01601028442383,-45.934814453125,-20.95468521118164,67.97906494140625,-91.17100524902344,-55.84537124633789,87.57974243164062,-95.07998657226562,-111.10511779785156,264.4288635253906,-40.39364242553711,-186.90821838378906,402.9761657714844
141,275185.64640729997,12.10482120513916,-25.014209747314453,8.949889183044434,41.22242736816406,-87.74589538574219,29.69740104675293,38.709476470947266,-101.87767028808594,80.68305969238281,28.969928741455078,-177.04931640625,88.4583740234375,-23.335063934326172,-85.86321258544922,107.9718017578125,-143.14674377441406
142,275185.6504073,10.886141777038574,-28.528928756713867,23.334102630615234,13.670162200927734,-66.32722473144531,97.24142456054688,-44.46392822265625,-27.68868637084961,139.93896484375,-130.32290649414062,26.525936126708984,85.31637573242188,-245.7078399658203,155.2893524169922,-3.9294040203094482,-198.5933837890625
143,275185.6544073,9.97799015045166,-26.667325973510742,33.190643310546875,-13.953927040100098,-23.785388946533203,63.18488311767578,-83.5782470703125,50.328914642333984,11.047089576721191,-78.12596130371094,179.77464294433594,-112.94906616210938,55.61284255981445,45.0247688293457,-118.37373352050781,115.56798553466797
144,275185.6584073,8.536600112915039,-24.541231155395508,38.90439224243164,-35.64961624145508,15.880749702453613,24.516592025756836,-89.52855682373047,74.9395523071289,-74.67044830322266,52.175174713134766,20.67308235168457,-104.96951293945312,64.10228729248047,-282.06585693359375,158.32113647460938,-25.08136749267578
145,275185.6624073,7.086952209472656,-22.85137176513672,36.17766189575195,-46.231544494628906,39.12259292602539,-30.59364128112793,-4.993141174316406,75.98831176757812,-105.5953598022461,111.232177734375,-189.5092315673828,130.8751220703125,-68.9916000366211,-33.82649612426758,124.02227020263672,-291.1507263183594
146,275185.66640730004,4.978597640991211,-17.263683319091797,34.695091247558594,-65.57904815673828,62.93401336669922,-94.17644500732422,51.9385986328125,-66.394775390625,18.718114852905273,17.311094284057617,-80.26467895507812,148.01333618164062,-204.03529357910156,121.92861938476562,-199.3305206298828,197.58837890625
147,275185.67040730006,3.5809571743011475,-13.393741607666016,25.125566482543945,-43.247802734375,72.07952117919922,-76.93785095214844,120.90678405761719,-81.63738250732422,117.41284942626953,-149.9693603515625,77.96112060546875,-103.7353744506836,114.24323272705078,-89.39410400390625,25.4959774017334,11.626493453979492
148,275185.6744073001,1.7993630170822144,-5.2692975997924805,11.083157539367676,-21.734163284301758,29.144315719604492,-34.37604522705078,60.082706451416016,-43.239532470703125,52.67270278930664,-132.316162109375,87.87781524658203,-160.57730102539062,65.71426391601562,-160.8000030517578,62.03055191040039,-276.5715026855469
149,275185.6784073001,-2.599459258956216e-10,1.5491164922714233,-4.830203056335449,7.013797283172607,-15.333647727966309,21.409372329711914,-37.79806137084961,39.57280731201172,-65.7593765258789,38.9395866394043,-57.847373962402344,113.84333038330078,-40.441261291503906,82.32759857177734,-103.40990447998047,274.009765625
150,275185.691135,-1.7334370613098145,7.964741230010986,-17.775300979614258,39.40427780151367,-44.77595520019531,50.68173599243164,-67.19104766845703,117.026123046875,-87.9207534790039,114.3259048461914,-164.45419311523438,141.37379455566406,-173.37364196777344,172.25820922851562,-56.40202713012695,143.9871063232422
151,275185.695135,-3.6071743965148926,16.246498107910156,-32.17048263549805,44.71174240112305,-75.35030364990234,73.06385040283203,-102.3484878540039,82.90524291992188,-60.51325607299805,29.727909088134766,21.188032150268555,-43.75788879394531,107.33262634277344,-235.5228271484375,125.37763977050781,-98.1509780883789
152,275185.699135,-5.3576250076293945,20.185571670532227,-38.02064895629883,61.88119125366211,-46.717323303222656,57.7460823059082,-16.295820236206055,-20.976760864257812,73.27635955810547,-168.31594848632812,153.38668823242188,-190.6878662109375,121.6260757446289,-26.991350173950195,-5.506425857543945,126.84600067138672
153,275185.703135,-7.0895915031433105,24.071022033691406,-46.796443939208984,56.297725677490234,-22.521583557128906,-12.565196990966797,66.05189514160156,-94.46843719482422,128.3088836669922,-136.74185180664062,57.576778411865234,20.039779663085938,-197.69349670410156,321.7396545410156,-318.2296447753906,225.45855712890625
154,275185.70713500003,-8.700254440307617,27.402414321899414,-35.200599670410156,25.40186309814453,10.784464836120605,-52.280574798583984,133.33096313476562,-78.76388549804688,31.905057907104492,87.17195129394531,-165.35426330566406,73.57893371582031,-151.88563537597656,-4.5674543380737305,112.67488098144531,-96.21126556396484
155,275185.71113500005,-9.967663764953613,26.14218521118164,-30.41273307800293,-1.3448761701583862,57.50230407714844,-85.7928466796875,64.559814453125,15.563752174377441,-66.30067443847656,102.18714141845703,-60.362422943115234,-12.799200057983398,183.5544891357422,-205.01724243164062,72.45901489257812,75.18970489501953
156,275185.71513500006,-11.301292419433594,28.886388778686523,-17.94530487060547,-31.765155792236328,66.8209457397461,-74.84562683105469,-22.035234451293945,70.49131774902344,-65.61924743652344,27.114809036254883,134.53955078125,-122.7475357055664,75.60160064697266,125.34471130371094,-105.48535919189453,237.52471923828125
157,275185.7191350001,-12.115214347839355,26.790185928344727,-1.1661162376403809,-52.468650817871094,52.91987228393555,-0.09359787404537201,-101.8313217163086,124.2010498046875,2.886643171310425,-87.40335845947266,155.6944580078125,11.14047622680664,-132.1263427734375,231.06199645996094,6.827950477600098,-182.5518035888672
158,275185.7231350001,-12.894737243652344,22.931852340698242,13.57526969909668,-56.28738021850586,33.840972900390625,63.48590087890625,-100.91624450683594,3.792809009552002,124.24927520751953,-146.2696075439453,-66.36808013916016,227.83653259277344,-100.48442077636719,-161.75350952148438,90.7536392211914,-0.5672001242637634
159,275185.7271350001,-13.040928840637207,14.222310066223145,28.55864906311035,-48.52163314819336,-17.413166046142578,100.14844512939453,-30.171802520751953,-109.7763442993164,128.9673309326172,34.27199172973633,-123.37468719482422,5.833493232727051,233.54525756835938,-99.71620178222656,-235.7970428466797,145.0625
160,275185.73758879997,-14.187745094299316,8.960741996765137,36.87642288208008,-36.88656997680664,-46.68244552612305,76.39546966552734,39.55117416381836,-105.73403930664062,-34.92610549926758,74.79377746582031,-0.37992629408836365,-89.39275360107422,58.13472366333008,227.54812622070312,-53.90039825439453,-196.35255432128906
161,275185.7415888,-13.681937217712402,2.01513671875,45.51741409301758,-6.0432562828063965,-77.47402954101562,7.877225399017334,125.71208190917969,-10.423778533935547,-121.19999694824219,31.15671157836914,124.5046157836914,-42.38526153564453,-169.7815704345703,57.88901138305664,229.2501678466797,-70.95697784423828
162,275185.7455888,-13.85472297668457,-4.913885593414307,35.30540466308594,18.58751106262207,-65.04856872558594,-61.45707321166992,76.42876434326172,116.64533233642578,-48.91719055175781,-148.02049255371094,30.170385360717773,115.33425903320312,-35.53681945800781,-252.76963806152344,-10.468612670898438,377.0973815917969
163,275185.7495888,-14.21269702911377,-11.01314640045166,28.62002944946289,50.68873977661133,-23.30988883972168,-87.29228973388672,-4.857563495635986,99.009033203125,67.13261413574219,-59.38159942626953,-202.11634826660156,63.66332244873047,116.79124450683594,37.800750732421875,-194.03408813476562,-101.89794921875
164,275185.7535888,-13.29804515838623,-19.104707717895508,20.05755043029785,50.47135925292969,15.940607070922852,-86.15122985839844,-51.51722717285156,27.891475677490234,96.75703430175781,75.16677856445312,-132.5638427734375,-200.79579162597656,3.460430383682251,201.3199920654297,66.20555877685547,-82.42866516113281
165,275185.75758880004,-12.762001037597656,-21.283039093017578,7.095945835113525,56.77781295776367,45.86654281616211,-17.609222412109375,-66.25151824951172,-65.44973754882812,32.224998474121094,159.1894073486328,94.11026000976562,-94.67940521240234,-173.1306915283203,-80.99400329589844,174.01551818847656,354.7045593261719
166,275185.76158880006,-11.378381729125977,-24.961408615112305,-8.385807991027832,32.32933044433594,68.02349090576172,48.15898895263672,-42.600528717041016,-107.34912872314453,-114.59485626220703,24.253137588500977,130.77365112304688,231.36351013183594,25.45376205444336,-235.47608947753906,-201.85157775878906,-40.16963195800781
167,275185.7655888001,-11.431205749511719,-25.983057022094727,-22.44954490661621,11.120092391967773,66.85589599609375,103.18580627441406,38.684085845947266,-44.81172180175781,-103.61811065673828,-178.43124389648438,-37.29398727416992,136.59854125976562,64.57882690429688,115.4275894165039,11.211960792541504,-172.18479919433594
168,275185.7695888001,-9.256025314331055,-28.13050651550293,-35.15852355957031,-18.348918914794922,36.40629959106445,88.6826400756836,85.59733581542969,44.67067337036133,-15.254409790039062,-93.13180541992188,-113.82252502441406,-153.05470275878906,-52.44975280761719,89.10771942138672,199.00901794433594,102.23308563232422
169,275185.7735888001,-7.985342502593994,-27.546558380126953,-46.09862518310547,-35.90620422363281,-15.0302152633667,40.36381530761719,94.87962341308594,76.62027740478516,151.80267333984375,65.27210235595703,-22.915882110595703,-176.236083984375,-72.56881713867188,-131.52755737304688,-44.43474578857422,-30.991159439086914
170,275185.7816773,-6.627526760101318,-24.2447566986084,-41.35429382324219,-48.04586410522461,-63.97172164916992,-27.63601303100586,6.397390365600586,55.10394287109375,110.45902252197266,137.67872619628906,177.32603454589844,154.5959930419922,74.78863525390625,-9.657807350158691,-172.9557647705078,-231.29965209960938
171,275185.7856773,-5.250992774963379,-18.86064910888672,-38.345584869384766,-49.89274215698242,-70.14927673339844,-83.7649154663086,-85.06543731689453,-64.21507263183594,-26.34920883178711,26.097579956054688,56.88815689086914,169.540771484375,119.70245361328125,82.80502319335938,214.83169555664062,166.42294311523438
172,275185.7896773,-3.3550264835357666,-13.473200798034668,-26.405338287353516,-34.53819274902344,-57.501522064208984,-94.26210021972656,-131.7686004638672,-106.1781234741211,-101.86779022216797,-144.3939666748047,-105.14379119873047,-117.53514862060547,-119.47997283935547,-76.00120544433594,-22.798219680786133,47.42125701904297
173,275185.79367730004,-1.8265089988708496,-5.4066572189331055,-11.811406135559082,-18.814455032348633,-35.45048141479492,-46.156898498535156,-58.553565979003906,-63.167694091796875,-121.97293090820312,-54.94873046875,-67.4574966430664,-210.63412475585938,-128.5088348388672,-61.85736846923828,-125.96770477294922,-376.1812744140625
174,275185.79767730006,2.5504925948993673e-10,1.514292597770691,4.275694370269775,8.037612915039062,11.914542198181152,14.91864013671875,24.685985565185547,48.474388122558594,45.95461654663086,59.9315071105957,40.28700637817383,124.54539489746094,46.1549186706543,77.59473419189453,170.14877319335938,179.32754516601562
175,275185.80167730007,1.802929162979126,7.656797885894775,18.360855102539062,33.62336349487305,45.22732925415039,91.1251220703125,115.1889419555664,135.80380249023438,78.83975219726562,113.31951904296875,226.43785095214844,222.72872924804688,92.2397689819336,207.7553253173828,78.22664642333984,117.65418243408203
176,275185.8056773001,3.5746641159057617,14.094080924987793,34.86145782470703,49.35097122192383,53.81048583984375,75.62018585205078,92.00650024414062,87.01055908203125,36.43038558959961,12.707287788391113,-14.956124305725098,-83.22654724121094,-91.3438720703125,-131.21434020996094,-202.25784301757812,-336.9763488769531
177,275185.8096773001,5.144713401794434,18.890295028686523,43.62260818481445,55.45572280883789,63.093162536621094,41.31801986694336,18.576404571533203,-34.66034698486328,-100.27713775634766,-79.47028350830078,-181.75131225585938,-119.950927734375,-82.40652465820312,-27.192331314086914,9.617666244506836,32.66286849975586
178,275185.8136773001,6.9246745109558105,22.60262107849121,44.51581954956055,56.17734909057617,22.098899841308594,-8.603205680847168,-64.28215789794922,-132.5118865966797,-72.93875122070312,-143.3790740966797,-52.417816162109375,59.53489303588867,126.55307006835938,105.25623321533203,321.71728515625,151.05999755859375
179,275185.81767730013,8.681243896484375,27.978410720825195,42.53955078125,27.00288200378418,-15.43061351776123,-74.31250762939453,-113.91398620605469,-56.35406494140625,-29.93083381652832,69.84373474121094,123.83085632324219,144.2736053466797,173.96603393554688,-2.4145278930664062,-119.22874450683594,-133.41891479492188
180,275185.8258852,9.56266975402832,28.138940811157227,25.530839920043945,-1.3169448375701904,-49.89659118652344,-61.50455093383789,-84.54117584228516,6.715788841247559,68.21002197265625,79.39908599853516,68.18692016601562,-27.23349952697754,-218.03005981445312,-110.1441421508789,-107.86914825439453,37.017391204833984
181,275185.8298852,10.758651733398438,28.97113037109375,17.476491928100586,-32.59200668334961,-62.27235412597656,-41.3657112121582,15.473873138427734,66.33758544921875,82.19522094726562,36.53398895263672,-123.68849182128906,-177.7532196044922,-68.40247344970703,63.09731674194336,305.6523742675781,110.45586395263672
182,275185.83388520003,11.981791496276855,26.059371948242188,1.216269612312317,-42.09004211425781,-46.43553161621094,-0.10030339658260345,56.98202133178711,92.99642944335938,-4.0915117263793945,-64.20574951171875,-105.29617309570312,11.869924545288086,81.79607391357422,181.14236450195312,-10.04941177368164,-83.63644409179688
183,275185.83788520005,12.223840713500977,22.76593017578125,-16.565383911132812,-51.813621520996094,-31.886516571044922,40.88610076904297,101.57689666748047,3.5546224117279053,-95.01496887207031,-151.97947692871094,63.296112060546875,221.87353515625,27.10267448425293,-163.9999542236328,-86.60103607177734,-1.1697081327438354
184,275185.84188520006,12.781230926513672,16.481435775756836,-31.30695915222168,-45.26520919799805,11.183158874511719,103.72677612304688,42.92924499511719,-124.71512603759766,-138.20484924316406,39.20866775512695,230.16043090820312,17.98371696472168,-172.06192016601562,-114.72309875488281,172.9943084716797,148.8740692138672
185,275185.8458852001,13.316495895385742,8.740870475769043,-34.76407241821289,-38.132015228271484,62.36255645751953,53.73582458496094,-66.81006622314453,-98.53276824951172,35.670753479003906,87.93546295166016,0.41361087560653687,-196.48513793945312,-79.50186157226562,288.0740051269531,89.39688110351562,-84.75724029541016
186,275185.8498852001,14.534367561340332,2.1455488204956055,-38.742950439453125,-4.978673458099365,87.14390563964844,11.061878204345703,-103.45569610595703,-14.310996055603027,139.49696350097656,26.45275115966797,-141.02310180664062,-19.980350494384766,189.2689208984375,42.76529312133789,-227.74368286132812,-74.81893920898438
187,275185.8538852001,14.531722068786621,-5.069225311279297,-35.92327880859375,18.708242416381836,69.98651885986328,-39.68008804321289,-96.67090606689453,111.35785675048828,42.65530776977539,-85.40126037597656,-63.399810791015625,165.91961669921875,11.586387634277344,-324.5415954589844,19.6240291595459,290.5242919921875
188,275185.8578852001,13.95658016204834,-12.119894981384277,-36.27238845825195,38.00479507446289,23.899633407592773,-71.09202575683594,5.282082557678223,85.90765380859375,-91.79505157470703,-114.80787658691406,125.50292205810547,35.70261764526367,-265.568115234375,40.75096130371094,70.32557678222656,-195.2826385498047
189,275185.86188520014,13.681730270385742,-18.679597854614258,-21.85755729675293,57.35772705078125,-15.251036643981934,-68.46710205078125,83.0220718383789,24.4672794342041,-180.5724639892578,55.10099411010742,90.80878448486328,-230.4013214111328,-5.760374546051025,150.45053100585938,-130.41392517089844,-82.80516815185547
190,275185.8654126,12.16551399230957,-20.933822631835938,-7.174221992492676,62.34275817871094,-58.879817962646484,-19.162073135375977,74.08821868896484,-98.15512084960938,-36.9972038269043,119.68577575683594,-48.13578414916992,-99.88932800292969,200.187744140625,-42.2608757019043,-136.1240234375,248.18014526367188
191,275185.8694126,11.669951438903809,-27.576364517211914,9.980438232421875,31.87766456604004,-53.120784759521484,29.656356811523438,58.0987434387207,-75.55862426757812,91.22828674316406,22.120765686035156,-66.02120208740234,205.8978729248047,-23.1101016998291,-61.30500793457031,321.8011169433594,-66.81635284423828
192,275185.8734126,11.372934341430664,-28.547513961791992,24.300739288330078,14.949361801147461,-68.78368377685547,60.677913665771484,-54.38857650756836,-38.08620071411133,141.746337890625,-67.92233276367188,23.320331573486328,93.16972351074219,-282.1727600097656,79.58856964111328,-26.265581130981445,-191.15939331054688
193,275185.87741260004,9.586261749267578,-26.425203323364258,32.93910598754883,-13.518815040588379,-24.737693786621094,92.06476593017578,-77.65809631347656,86.5023193359375,17.24337387084961,-145.5326690673828,224.39828491210938,-158.86090087890625,52.72211456298828,83.23625183105469,-309.0310974121094,124.08086395263672
194,275185.88141260005,7.898604393005371,-27.814725875854492,35.913108825683594,-33.82217025756836,11.871206283569336,36.23190689086914,-85.23831939697266,124.84200286865234,-91.25872039794922,57.30587387084961,10.110727310180664,-161.51539611816406,268.759521484375,-235.85317993164062,43.99116516113281,-45.602752685546875
195,275185.88541260007,7.065356254577637,-24.38848876953125,44.646636962890625,-56.0374870300293,63.24571228027344,-21.914306640625,-7.191510200500488,39.06339645385742,-72.79771423339844,169.0911102294922,-167.80609130859375,130.9604949951172,-73.61785125732422,-24.258432388305664,81.38414001464844,-208.29750061035156
196,275185.8894126001,5.414695739746094,-18.221372604370117,35.35431671142578,-57.42252731323242,58.72925567626953,-58.9884033203125,56.09877395629883,-32.256614685058594,15.336691856384277,34.62820053100586,-43.281593322753906,197.85255432128906,-91.91007232666016,250.5486602783203,-87.29644012451172,171.705322265625
197,275185.8934126001,3.5277748107910156,-13.468315124511719,24.81599998474121,-40.32793426513672,48.21370315551758,-103.27955627441406,130.72991943359375,-157.38284301757812,100.26049041748047,-171.75936889648438,108.83197784423828,-153.35748291015625,64.96633911132812,-41.620784759521484,8.599658966064453,17.50141716003418
198,275185.8974126001,1.7307671308517456,-6.078191757202148,10.615195274353027,-18.80034065246582,22.322050094604492,-31.581298828125,40.62093734741211,-69.64791870117188,120.22026824951172,-112.17153930664062,110.48124694824219,-59.66825485229492,249.85983276367188,-150.1445770263672,142.43533325195312,-96.1990966796875
199,275185.9014126001,-2.7120533596658447e-10,1.5524073839187622,-4.564490795135498,9.092541694641113,-15.254761695861816,21.508161544799805,-21.71718406677246,44.17629623413086,-33.21965026855469,62.98197937011719,-102.65068817138672,43.57490158081055,-83.01438903808594,52.358482360839844,-93.34461975097656,212.9595489501953
200,275185.9083207,-1.7751740217208862,8.778753280639648,-22.107812881469727,40.56313705444336,-56.11918258666992,85.59733581542969,-102.92398834228516,66.75532531738281,-83.707763671875,145.39373779296875,-117.77193450927734,144.7238311767578,-141.76023864746094,64.32288360595703,-128.56341552734375,146.19349670410156
201,275185.9123207,-3.6120526790618896,14.296141624450684,-29.171178817749023,45.60281753540039,-87.5269775390625,103.57965850830078,-88.42808532714844,90.08739471435547,-53.916664123535156,29.436405181884766,22.56878662109375,-109.46153259277344,181.6905517578125,-228.5364227294922,58.28034591674805,-111.88359069824219
202,275185.9163207,-5.0708842277526855,19.029052734375,-43.87654113769531,63.881351470947266,-47.39739990234375,53.980064392089844,-23.874053955078125,-22.562326431274414,101.21570587158203,-118.19551849365234,91.34525299072266,-251.8019561767578,190.2269744873047,-65.06477355957031,-26.257171630859375,191.0545654296875
203,275185.92032070004,-6.585391998291016,25.191362380981445,-46.30232620239258,38.228939056396484,-34.70748519897461,-7.971668243408203,74.03193664550781,-128.153076171875,164.8887481689453,-65.55952453613281,28.171268463134766,41.05022048950195,-175.90390014648438,223.04818725585938,-108.89734649658203,88.2911148071289
204,275185.92432070005,-8.281523704528809,27.33855438232422,-36.91788101196289,22.137454986572266,14.565159797668457,-65.28986358642578,126.87094116210938,-54.08818817138672,19.662338256835938,55.20281219482422,-212.2759552001953,106.56632995605469,-142.21180725097656,-2.037400960922241,116.25540924072266,-228.54466247558594
205,275185.92832070007,-9.720269203186035,26.329286575317383,-28.272354125976562,-1.388321042060852,56.7048225402832,-100.73287963867188,82.27978515625,14.042259216308594,-69.80582427978516,89.16800689697266,-112.400146484375,-23.90521812438965,75.00199890136719,-91.8449935913086,83.454833984375,73.75138854980469
206,275185.9323207001,-10.800931930541992,27.354156494140625,-17.295625686645508,-28.71622085571289,73.55130767822266,-57.76299285888672,-16.42544174194336,74.14768981933594,-142.26742553710938,27.164180755615234,117.98831939697266,-257.9698486328125,68.09181213378906,41.796531677246094,-228.7399139404297,131.04002380371094
207,275185.9363207001,-11.40492057800293,27.44649887084961,-1.1659561395645142,-54.60098648071289,52.24076461791992,-0.10167380422353745,-105.14149475097656,99.46180725097656,3.321685791015625,-186.8656005859375,199.7135467529297,3.5536282062530518,-239.86605834960938,161.75669860839844,24.19109535217285,-220.97857666015625
208,275185.9403207001,-12.202230453491211,20.126630783081055,13.814030647277832,-62.28754806518555,30.263660430908203,53.523223876953125,-108.68659973144531,2.4469494819641113,66.8836669921875,-71.75908660888672,-69.96878051757812,117.90773010253906,-115.32745361328125,-157.74229431152344,81.84383392333984,-0.8569326996803284
209,275185.94432070013,-14.09698486328125,15.652851104736328,25.82806396484375,-57.24504852294922,-12.987356185913086,74.8826904296875,-29.822935104370117,-93.06710815429688,63.36112594604492,86.17173767089844,-233.1941680908203,20.199594497680664,106.9738540649414,-156.11566162109375,-186.8475799560547,202.09652709960938
210,275185.95765339996,-14.430892944335938,8.821187019348145,40.05665588378906,-32.635597229003906,-64.55577850341797,83.15646362304688,61.52605438232422,-73.76354217529297,-33.657814025878906,116.56726837158203,-0.49471884965896606,-258.3589172363281,80.80860900878906,221.109619140625,-187.8212432861328,-243.0709228515625
211,275185.9616534,-13.861897468566895,2.1427371501922607,37.47803497314453,-6.007223606109619,-83.36226654052734,8.458444595336914,64.16973876953125,-16.97356605529785,-112.21109008789062,36.78520202636719,120.36994934082031,-44.39986038208008,-267.2945861816406,35.795650482177734,353.5168151855469,-58.3447265625
