,timeStamp,channel 1,channel 2,channel 3,channel 4,channel 5,channel 6,channel 7,channel 8,channel 9,channel 10,channel 11,channel 12,channel 13,channel 14,channel 15,channel 16
0,617267.8327123,-13.053414344787598,14.406923294067383,27.65367317199707,-47.186920166015625,-15.06080436706543,72.03398132324219,-28.069782257080078,-66.8765640258789,114.27418518066406,54.40644454956055,-233.20680236816406,11.054030418395996,88.4605484008789,-57.528282165527344,-65.86906433105469,121.52251434326172
1,617267.8367123,-13.369319915771484,9.242975234985352,40.000526428222656,-33.53565216064453,-55.78370666503906,76.59684753417969,43.78459548950195,-116.36963653564453,-35.3238525390625,160.18634033203125,-0.247181236743927,-241.58216857910156,31.167280197143555,162.35536193847656,-45.975276947021484,-101.47946166992188
2,617267.8407122999,-13.742547988891602,1.9421238899230957,44.47476577758789,-5.1386260986328125,-68.87374877929688,8.981749534606934,65.08232116699219,-17.019466400146484,-101.11862182617188,22.654714584350586,212.07687377929688,-52.65933609008789,-178.51339721679688,25.8866024017334,297.8208312988281,-73.9690933227539
3,617267.8447122999,-14.480043411254883,-4.840619087219238,37.48695755004883,24.35228729248047,-47.76707077026367,-55.19801330566406,67.7755126953125,117.8396987915039,-96.39372253417969,-165.38348388671875,88.7871322631836,244.16368103027344,-37.68441390991211,-163.9583282470703,-7.025689601898193,321.0606994628906
4,617267.8487122998,-13.942052841186523,-11.274758338928223,33.392452239990234,51.92875671386719,-28.45100975036621,-65.6785659790039,-6.359128475189209,111.43240356445312,86.56868743896484,-144.320068359375,-112.30880737304688,82.76898193359375,160.05557250976562,38.07091522216797,-255.90391540527344,-138.28492736816406
5,617267.8527122998,-12.895882606506348,-16.60855484008789,21.690200805664062,53.25684356689453,14.416142463684082,-53.71287536621094,-90.3283462524414,42.82369613647461,142.72335815429688,66.98719024658203,-138.91873168945312,-157.2416534423828,6.5901618003845215,57.46664047241211,133.4285888671875,-75.096923828125
6,617267.8567122997,-12.311872482299805,-21.947669982910156,6.172769546508789,54.730587005615234,61.9444580078125,-16.549081802368164,-79.25265502929688,-94.2946548461914,44.64860916137695,98.9962387084961,62.136260986328125,-55.37481689453125,-159.18466186523438,-48.539894104003906,124.20565795898438,211.15792846679688
7,617267.8607122997,-11.62804126739502,-28.720529556274414,-8.640143394470215,31.830793380737305,84.13680267333984,48.532806396484375,-52.49742889404297,-100.45536804199219,-52.88062286376953,28.275028228759766,94.54180145263672,160.9457244873047,22.23147964477539,-200.99630737304688,-184.18399047851562,-141.09365844726562
8,617267.8647122997,-11.083020210266113,-28.140676498413086,-20.471284866333008,12.99951171875,52.525718688964844,70.54363250732422,44.200462341308594,-49.43013381958008,-150.42440795898438,-151.18280029296875,-50.07243347167969,96.55841064453125,102.82608795166016,257.6893310546875,12.607086181640625,-227.1493377685547
9,617267.8687122996,-10.004998207092285,-28.21284294128418,-32.58705520629883,-18.14900016784668,35.72193145751953,85.37287139892578,91.8725357055664,72.93435668945312,-13.494882583618164,-138.75164794921875,-77.29353332519531,-122.23551177978516,-22.466663360595703,95.69621276855469,216.7115478515625,370.5116882324219
10,617267.8801601001,-7.908695697784424,-25.750139236450195,-39.57856369018555,-37.64326477050781,-13.508405685424805,25.982297897338867,80.95150756835938,117.22830200195312,144.5599822998047,44.221214294433594,-22.961990356445312,-53.88990020751953,-207.61639404296875,-109.10943603515625,-111.0943832397461,-49.0897216796875
11,617267.8841601,-6.664276599884033,-21.062976837158203,-40.432701110839844,-49.227134704589844,-42.8525276184082,-22.7567138671875,8.99916934967041,76.78628540039062,65.53900146484375,207.55276489257812,110.58891296386719,132.3658447265625,46.50589370727539,-15.745970726013184,-149.83883666992188,-140.352294921875
12,617267.8881601,-5.363453388214111,-19.523351669311523,-40.51250076293945,-49.197086334228516,-55.76657485961914,-96.92168426513672,-91.2940673828125,-42.16579818725586,-19.551549911499023,33.79438781738281,41.594390869140625,187.0896759033203,263.4332275390625,77.43124389648438,140.4285888671875,246.36441040039062
13,617267.8921600999,-3.4797167778015137,-12.954597473144531,-25.255840301513672,-40.41257858276367,-48.06990432739258,-86.74383544921875,-101.41629028320312,-100.26756286621094,-147.22520446777344,-110.23257446289062,-174.24514770507812,-158.85263061523438,-41.618038177490234,-66.52571868896484,-15.289044380187988,32.922725677490234
14,617267.8961600999,-1.8158246278762817,-5.931884288787842,-11.772133827209473,-17.311622619628906,-30.817459106445312,-39.66930389404297,-66.91473388671875,-46.910640716552734,-83.47523498535156,-66.99523162841797,-91.2051010131836,-203.26649475097656,-203.1287078857422,-240.6792449951172,-118.58778381347656,-347.6870422363281
15,617267.9001600998,1.1389689885676901e-10,1.5526565313339233,3.925650119781494,8.928927421569824,17.36094093322754,18.51778221130371,32.209571838378906,43.296791076660156,66.19062042236328,57.790077209472656,54.8843994140625,85.28305053710938,96.31272888183594,102.70352172851562,162.36062622070312,217.16136169433594
16,617267.9041600998,1.725445032119751,8.886884689331055,18.197595596313477,28.521339416503906,64.56103515625,67.26554870605469,102.6668930053711,71.31982421875,89.92254638671875,168.25347900390625,191.02981567382812,186.2243194580078,116.50279235839844,171.0485076904297,187.60943603515625,134.8604278564453
17,617267.9081600998,3.6558635234832764,13.606231689453125,27.307292938232422,53.984615325927734,83.80149841308594,107.22572326660156,106.09320068359375,67.43672943115234,54.33455276489258,21.659482955932617,-17.211427688598633,-95.73011779785156,-157.09829711914062,-195.16140747070312,-77.72494506835938,-182.99722290039062
18,617267.9121600997,5.204239845275879,18.782384872436523,41.13615798950195,47.5797233581543,63.854713439941406,48.57779312133789,19.360496520996094,-23.235740661621094,-92.00952911376953,-137.05979919433594,-123.35002136230469,-181.13467407226562,-188.58770751953125,-75.02442169189453,24.178064346313477,148.70033264160156
19,617267.9161600997,6.565367221832275,22.691896438598633,42.243465423583984,38.65446472167969,31.175613403320312,-7.451138496398926,-41.18545150756836,-74.23534393310547,-133.66830444335938,-87.13175964355469,-53.480743408203125,39.89847183227539,58.36897659301758,165.4724884033203,340.5929260253906,99.62702941894531
20,617267.9263051001,8.007013320922852,29.252071380615234,39.20134353637695,26.452295303344727,-15.6449556350708,-84.22926330566406,-101.25706481933594,-72.26811218261719,-15.954745292663574,35.172019958496094,201.34014892578125,230.0653839111328,50.945682525634766,-2.78010630607605,-113.98334503173828,-73.39592742919922
21,617267.9303051,9.841865539550781,27.751495361328125,31.07229995727539,-1.1829733848571777,-61.77802276611328,-91.67634582519531,-66.33702087402344,14.002298355102539,99.8453598022461,76.60614776611328,82.50090026855469,-40.61448287963867,-128.99588012695312,-303.36212158203125,-85.03932189941406,74.7979507446289
22,617267.9343051,10.672377586364746,29.388029098510742,15.613981246948242,-29.414901733398438,-64.32524871826172,-41.33156967163086,20.5451717376709,98.58280181884766,98.98336029052734,36.466636657714844,-109.04995727539062,-103.06234741210938,-152.4783172607422,77.90778350830078,239.74986267089844,205.6474151611328
23,617267.9383051,11.36732292175293,22.781274795532227,1.022662878036499,-44.2991943359375,-62.84191131591797,-0.09993424266576767,97.1617660522461,77.86264038085938,-2.316622018814087,-109.64249420166016,-185.322509765625,4.78421688079834,205.99722290039062,200.85943603515625,-7.77921724319458,-261.58038330078125
24,617267.9423050999,13.179898262023926,20.02481460571289,-12.868425369262695,-60.65203857421875,-32.256526947021484,52.56768035888672,91.2647476196289,4.252320766448975,-105.4897232055664,-91.57292938232422,40.92604446411133,119.91883087158203,80.36197662353516,-151.61607360839844,-188.7447967529297,-1.3618378639221191
25,617267.9463050999,13.335413932800293,14.822908401489258,-27.04022789001465,-47.4132080078125,10.620804786682129,100.88335418701172,29.351749420166016,-106.75874328613281,-93.46892547607422,86.33287048339844,184.08432006835938,16.812788009643555,-256.9809265136719,-150.59378051757812,235.92481994628906,315.26397705078125
26,617267.9503050998,13.58394718170166,9.93161392211914,-42.80229949951172,-29.851499557495117,51.67473602294922,47.60714340209961,-68.4170913696289,-106.02308654785156,23.7890567779541,144.60299682617188,0.509308934211731,-88.75086212158203,-48.8894157409668,190.26309204101562,76.33259582519531,-89.69771575927734
27,617267.9543050998,14.095703125,2.0211477279663086,-37.856781005859375,-6.822902679443359,79.32445526123047,13.356746673583984,-97.45207977294922,-17.530277252197266,138.92279052734375,30.748973846435547,-95.03594207763672,-19.16889190673828,158.0574188232422,63.429786682128906,-84.23197937011719,-15.219990730285645
28,617267.9583050997,14.38575267791748,-4.610342502593994,-44.203250885009766,20.47418212890625,71.65184783935547,-52.197052001953125,-92.58982849121094,105.23583984375,100.38861083984375,-152.8067169189453,-65.16143035888672,104.40391540527344,27.54115867614746,-157.10272216796875,20.904699325561523,167.71173095703125
29,617267.9623050997,14.413702964782715,-12.010126113891602,-31.422409057617188,47.429073333740234,22.994813919067383,-61.43252944946289,5.237702369689941,68.95082092285156,-53.4126091003418,-96.55754089355469,97.5238265991211,60.232635498046875,-95.02750396728516,40.28310775756836,272.4162292480469,-26.793386459350586
30,617267.9697642,13.420093536376953,-18.999755859375,-19.16846466064453,55.33097457885742,-14.445857048034668,-91.83548736572266,71.14781188964844,32.31816101074219,-174.66473388671875,44.93427276611328,71.38016510009766,-135.69989013671875,-8.015157699584961,84.77837371826172,-227.36058044433594,-77.94341278076172
31,617267.9737642,12.811909675598145,-21.381492614746094,-5.967559814453125,48.724037170410156,-55.137210845947266,-19.945507049560547,115.75249481201172,-48.138675689697266,-57.08770751953125,189.4970245361328,-79.68296813964844,-70.90526580810547,221.32815551757812,-129.32830810546875,-131.15420532226562,264.0265808105469
32,617267.9777642,11.644118309020996,-28.11941146850586,8.331080436706543,35.38006591796875,-67.39342498779297,40.32663345336914,47.637916564941406,-98.73236083984375,54.50997543334961,29.633798599243164,-105.34761047363281,205.17926025390625,-25.69231414794922,-96.71774291992188,324.0621643066406,-85.64783477783203
33,617267.9817641999,11.394938468933105,-27.959875106811523,24.8709659576416,11.47044563293457,-67.42851257324219,98.44091033935547,-32.647666931152344,-31.238475799560547,120.444091796875,-97.91969299316406,26.6181640625,89.53587341308594,-156.4152069091797,156.52935791015625,-7.219472408294678,-59.77659225463867
34,617267.9857641999,10.035408973693848,-26.829811096191406,38.663970947265625,-17.285757064819336,-25.3185977935791,69.68181610107422,-115.8556900024414,61.35638427734375,7.9999260902404785,-148.97705078125,135.96932983398438,-189.97560119628906,44.784034729003906,121.33655548095703,-127.09703826904297,319.6722412109375
35,617267.9897641998,8.367375373840332,-26.46502113342285,45.09504318237305,-32.31623840332031,12.159760475158691,38.64937973022461,-108.10095977783203,150.8826446533203,-92.73853302001953,59.181522369384766,11.765365600585938,-150.51112365722656,113.04802703857422,-279.62109375,35.898719787597656,-31.618858337402344
36,617267.9937641998,7.050576210021973,-23.113384246826172,42.63055419921875,-52.04652404785156,50.270912170410156,-35.85212326049805,-9.81908130645752,73.46814727783203,-149.86476135253906,137.71778869628906,-112.43201446533203,61.70475387573242,-33.811798095703125,-20.091075897216797,188.8526611328125,-181.0079345703125
37,617267.9977641997,5.301660060882568,-18.727693557739258,41.69004821777344,-47.0551643371582,71.55046844482422,-59.849185943603516,75.26811218261719,-64.17469787597656,12.787339210510254,22.457218170166016,-52.876556396484375,135.86181640625,-60.948062896728516,192.01942443847656,-159.86117553710938,333.6443176269531
38,617268.0017641997,3.5819239616394043,-13.558465003967285,22.25775718688965,-39.28012466430664,48.59708023071289,-69.6540756225586,81.845703125,-95.13983917236328,132.22784423828125,-71.92390441894531,164.7911376953125,-136.5167236328125,47.08867263793945,-59.625030517578125,6.210338592529297,22.13565444946289
39,617268.0057641997,1.7967584133148193,-6.157259464263916,11.11014461517334,-17.754077911376953,26.339763641357422,-42.48530960083008,44.13544464111328,-72.66387176513672,116.58718872070312,-91.62320709228516,117.11295318603516,-155.44195556640625,139.62646484375,-65.49744415283203,270.8521728515625,-302.3310852050781
40,617268.0344232001,-1.1718347125988515e-10,1.363316297531128,-4.154393196105957,9.732105255126953,-11.378835678100586,25.16773796081543,-35.52753829956055,36.65715789794922,-45.84371566772461,71.57015228271484,-92.18972778320312,125.37909698486328,-158.14356994628906,131.13429260253906,-63.48352813720703,219.23426818847656
41,617268.0384232,-1.7609000205993652,7.930495738983154,-16.827455520629883,29.148670196533203,-58.81597900390625,65.58810424804688,-65.71223449707031,147.4092254638672,-130.7451934814453,165.7755126953125,-92.7783432006836,136.24020385742188,-107.28132629394531,205.615234375,-57.71908950805664,56.97351837158203
42,617268.0424232,-3.659738063812256,14.98710823059082,-31.28594398498535,59.07440948486328,-85.04230499267578,93.65545654296875,-77.65550994873047,77.99507904052734,-53.48206329345703,18.56952476501465,24.5169620513916,-48.87492370605469,177.61532592773438,-192.41087341308594,178.60409545898438,-119.17774200439453
43,617268.0464231999,-5.289322376251221,21.978452682495117,-43.610618591308594,63.852996826171875,-68.98746490478516,63.849063873291016,-23.785799026489258,-20.87294578552246,96.96570587158203,-100.54768371582031,105.09027862548828,-249.59417724609375,132.95050048828125,-76.0396728515625,-5.545326232910156,132.5714111328125
44,617268.0504231999,-7.124911785125732,25.74825096130371,-38.55862808227539,40.402549743652344,-23.155851364135742,-13.444040298461914,80.72968292236328,-87.39693450927734,151.90887451171875,-108.71320343017578,21.40301513671875,70.83145141601562,-52.50054931640625,156.0198516845703,-205.8275604248047,169.9599151611328
45,617268.0544231999,-8.640357971191406,26.365108489990234,-36.50460433959961,25.47216796875,13.6433687210083,-64.62540435791016,126.78369903564453,-93.36917877197266,28.021495819091797,48.325965881347656,-165.00926208496094,76.25634002685547,-168.0374298095703,-3.046692132949829,81.86106872558594,-384.5927734375
46,617268.0584231998,-9.639827728271484,28.278478622436523,-30.24542999267578,-1.3112118244171143,44.08553695678711,-102.9036865234375,45.84752655029297,9.77679443359375,-98.99526977539062,95.4834976196289,-83.55982971191406,-46.201576232910156,90.92617797851562,-325.8463134765625,57.852481842041016,65.16679382324219
47,617268.0624231998,-11.073813438415527,25.190322875976562,-14.235502243041992,-31.302148818969727,85.83419036865234,-68.6444320678711,-17.643064498901367,136.58877563476562,-146.2035675048828,18.298973083496094,74.16905212402344,-199.32025146484375,102.6800765991211,41.462425231933594,-154.00619506835938,248.20980834960938
48,617268.0664231997,-12.198990821838379,23.848913192749023,-1.1642147302627563,-42.86878204345703,74.86951446533203,-0.10441336780786514,-64.12266540527344,84.97152709960938,2.459196090698242,-104.14582824707031,202.02183532714844,4.499210834503174,-257.0223693847656,77.44341278076172,12.786922454833984,-297.80682373046875
49,617268.0704231997,-12.796628952026367,22.037471771240234,13.351875305175781,-57.23196792602539,26.675024032592773,59.996891021728516,-92.93624877929688,2.5318665504455566,91.1231460571289,-147.21975708007812,-82.5346908569336,124.19126892089844,-51.84101867675781,-176.68731689453125,235.5980682373047,-1.1100735664367676
50,617268.0664674,-14.023895263671875,14.855911254882812,24.780893325805664,-48.604637145996094,-16.133602142333984,81.74767303466797,-31.76630210876465,-129.2835693359375,82.1336669921875,57.89759826660156,-170.95059204101562,10.183300971984863,137.45619201660156,-188.48252868652344,-180.71925354003906,168.05609130859375
51,617268.0704674,-14.274934768676758,9.15947437286377,36.529762268066406,-35.80302047729492,-51.14530563354492,82.32581329345703,45.64170455932617,-76.83811950683594,-23.265586853027344,183.6444549560547,-0.4054339528083801,-195.89004516601562,18.01058578491211,75.71626281738281,-157.75686645507812,-122.52307891845703
52,617268.0744674,-13.516327857971191,2.280135154724121,42.214237213134766,-5.642937660217285,-69.39995574951172,12.973381996154785,123.87377166748047,-22.263044357299805,-159.57211303710938,31.192604064941406,179.66729736328125,-21.923269271850586,-224.13088989257812,40.55717086791992,130.62950134277344,-90.54987335205078
53,617268.0784673999,-14.146540641784668,-5.1920270919799805,45.22553253173828,21.40707778930664,-72.73416900634766,-47.587852478027344,72.7496337890625,100.40491485595703,-45.00399398803711,-77.67320251464844,86.90412902832031,103.64292907714844,-39.911643981933594,-323.6329040527344,-26.559988021850586,320.046875
54,617268.0824673999,-13.391938209533691,-11.549585342407227,30.375795364379883,42.29195785522461,-33.56787109375,-68.4294662475586,-6.186114311218262,130.7595977783203,37.82497024536133,-151.62448120117188,-167.30221557617188,53.60160446166992,257.3707580566406,23.128026962280273,-124.72877502441406,-131.42007446289062
55,617268.0864673998,-12.777799606323242,-17.07625389099121,19.701078414916992,59.95747375488281,16.656124114990234,-86.10045623779297,-66.31117248535156,25.82213020324707,87.27705383300781,82.57947540283203,-68.42823028564453,-233.4059295654297,2.0763070583343506,303.6704406738281,220.58811950683594,-50.76533508300781
56,617268.0904673998,-12.608203887939453,-23.60885238647461,5.5351338386535645,48.081058502197266,48.474815368652344,-20.059280395507812,-101.88085174560547,-58.47213363647461,33.016868591308594,130.56040954589844,86.1640396118164,-59.806983947753906,-140.09005737304688,-46.68105697631836,147.3505401611328,339.73095703125
57,617268.0944673998,-12.176061630249023,-23.68953514099121,-10.331694602966309,40.84544372558594,77.25704956054688,43.288761138916016,-42.42530822753906,-153.54525756835938,-100.64823150634766,37.62221908569336,130.0460968017578,101.92147064208984,21.697540283203125,-188.12823486328125,-140.48953247070312,-84.2739486694336
58,617268.0984673997,-10.505898475646973,-25.386878967285156,-27.154767990112305,12.321539878845215,64.82037353515625,84.5261001586914,52.22437286376953,-57.28041076660156,-147.9404296875,-127.40465545654297,-42.01433563232422,95.39630126953125,134.0538330078125,163.0064697265625,24.365684509277344,-170.43109130859375
59,617268.1024673997,-9.474952697753906,-28.78792953491211,-37.31157684326172,-17.94702911376953,23.22551918029785,65.3724594116211,112.71138763427734,55.56100082397461,-15.139659881591797,-124.55201721191406,-227.04234313964844,-196.7550048828125,-49.4228401184082,122.66570281982422,150.62416076660156,177.26475524902344
60,617268.136759,-8.112807273864746,-28.55937385559082,-46.25270462036133,-38.48060989379883,-14.240553855895996,27.373703002929688,77.84266662597656,125.85983276367188,65.23489379882812,54.86359786987305,-23.529830932617188,-116.67601776123047,-231.8482666015625,-225.8499298095703,-62.96543884277344,-38.24007034301758
61,617268.140759,-6.522468566894531,-25.284868240356445,-36.4811897277832,-45.84757614135742,-39.96311950683594,-40.29570388793945,5.018343448638916,61.5472297668457,97.2799072265625,103.74475860595703,177.28933715820312,61.67873001098633,55.15268325805664,-27.99008560180664,-90.5166015625,-341.65692138671875
62,617268.1447589999,-5.284520149230957,-19.250476837158203,-37.161502838134766,-58.52516555786133,-60.76222229003906,-59.117027282714844,-61.54353713989258,-33.56432342529297,-15.534377098083496,36.81117248535156,94.10452270507812,68.86151885986328,168.48397827148438,93.94381713867188,263.09033203125,117.58911895751953
63,617268.1487589999,-3.603339195251465,-12.427719116210938,-26.507694244384766,-41.59269714355469,-52.296531677246094,-58.49315643310547,-104.96302032470703,-85.4398422241211,-99.34810638427734,-99.44149780273438,-63.199337005615234,-123.6845703125,-106.85824584960938,-80.74903869628906,-6.77412748336792,52.58884811401367
64,617268.1527589998,-1.8568025827407837,-6.142599105834961,-12.861940383911133,-16.580047607421875,-31.77524757385254,-32.97910690307617,-64.10259246826172,-87.5951156616211,-101.59779357910156,-56.97852325439453,-90.75709533691406,-56.626651763916016,-97.63703155517578,-229.12857055664062,-69.8863754272461,-309.77984619140625
65,617268.1567589998,1.168118379801797e-10,1.3483794927597046,4.562747955322266,9.439812660217285,15.403219223022461,20.49915885925293,25.179588317871094,43.82524490356445,39.53733825683594,38.47662353515625,80.26874542236328,103.51176452636719,128.9627227783203,52.991580963134766,213.70953369140625,201.84754943847656
66,617268.1607589998,1.7757610082626343,7.7185139656066895,17.87633514404297,37.40629577636719,47.0380973815918,72.9942855834961,86.16804504394531,110.39447784423828,137.3220977783203,105.64198303222656,163.98704528808594,209.13658142089844,127.6744155883789,99.17919921875,143.63307189941406,113.51123809814453
67,617268.1647589997,3.374725103378296,15.12360954284668,29.767292022705078,44.54827880859375,79.62606811523438,62.80856704711914,59.66635513305664,77.4605941772461,68.6144790649414,29.467830657958984,-26.52798843383789,-39.02313232421875,-152.11044311523438,-144.82415771484375,-285.5596923828125,-97.92930603027344
68,617268.1687589997,5.24860954284668,18.560829162597656,40.61891555786133,62.562843322753906,46.61207962036133,58.418304443359375,25.307886123657227,-32.628379821777344,-101.27227783203125,-152.185302734375,-185.59933471679688,-228.87596130371094,-60.60685348510742,-103.59469604492188,4.692478179931641,28.204761505126953
69,617268.1727589996,6.472838878631592,24.0187931060791,38.4429817199707,48.652809143066406,33.815670013427734,-7.6253275871276855,-43.99249267578125,-65.50518798828125,-161.65809631347656,-145.00193786621094,-28.944787979125977,69.54582977294922,97.79307556152344,133.60072326660156,260.3269958496094,131.28036499023438
70,617268.1639302,8.607961654663086,25.10852813720703,38.161415100097656,25.075756072998047,-11.447698593139648,-49.26271057128906,-101.44457244873047,-103.52588653564453,-23.661575317382812,53.46195602416992,177.03353881835938,190.91348266601562,57.546085357666016,-3.7376930713653564,-50.34687423706055,-326.522705078125
71,617268.1679302,9.26540470123291,30.91128921508789,34.28218460083008,-1.3804655075073242,-58.18613815307617,-102.03262329101562,-64.25534057617188,11.988101959228516,102.52686309814453,126.45231628417969,125.84970092773438,-46.12860870361328,-171.24949645996094,-129.14198303222656,-189.6932373046875,29.64508056640625
72,617268.1719302,11.210871696472168,26.908565521240234,15.012411117553711,-30.54997444152832,-74.85699462890625,-62.54207992553711,21.695796966552734,80.97314453125,117.84320068359375,14.20055866241455,-135.27809143066406,-172.82315063476562,-145.12791442871094,99.70326232910156,195.6664581298828,217.60055541992188
73,617268.1759301999,12.415740013122559,25.446088790893555,0.9698747396469116,-44.93973159790039,-64.34832000732422,-0.10189327597618103,67.84925842285156,72.44419860839844,-2.13045334815979,-77.70026397705078,-191.10890197753906,7.524403095245361,231.53627014160156,136.1122283935547,-24.952104568481445,-63.73657989501953
74,617268.1799301999,13.253554344177246,22.472728729248047,-12.647452354431152,-46.058109283447266,-35.86174392700195,63.979244232177734,70.1234359741211,2.1772878170013428,-164.13417053222656,-152.92543029785156,63.97161865234375,157.307373046875,75.19928741455078,-166.24253845214844,-134.42413330078125,-0.19998344779014587
75,617268.1839301998,13.26587200164795,15.746833801269531,-25.744956970214844,-50.75206756591797,17.53971290588379,107.24410247802734,42.11225128173828,-65.59426879882812,-117.40877532958984,82.49634552001953,142.4058074951172,19.196205139160156,-119.22916412353516,-60.973411560058594,87.17394256591797,73.67570495605469
76,617268.1879301998,13.476101875305176,9.964066505432129,-39.06394577026367,-26.381704330444336,57.564292907714844,53.47209548950195,-46.344207763671875,-137.3388671875,34.44743728637695,171.7230682373047,0.5674417018890381,-214.88470458984375,-54.93270492553711,77.1852035522461,104.44414520263672,-280.4249267578125
77,617268.1919301997,14.139232635498047,2.284636974334717,-47.25178146362305,-5.18363094329834,69.39302062988281,13.645894050598145,-67.99214172363281,-12.670207977294922,158.70506286621094,14.204115867614746,-136.18138122558594,-17.594711303710938,256.10076904296875,46.858333587646484,-311.2408142089844,-39.44778823852539
78,617268.1959301997,14.703468322753906,-5.256359577178955,-41.003089904785156,19.886966705322266,59.7286262512207,-36.56050109863281,-47.64725875854492,59.771812438964844,59.300594329833984,-144.59542846679688,-73.04232788085938,239.56982421875,23.148334503173828,-111.77688598632812,5.987383842468262,162.0301055908203
79,617268.1999301997,14.166847229003906,-12.629921913146973,-28.57612419128418,51.396392822265625,24.396554946899414,-64.63634490966797,3.8459160327911377,91.79253387451172,-55.12822341918945,-140.08921813964844,141.70849609375,70.82501220703125,-168.1177978515625,30.24283218383789,96.06180572509766,-236.83665466308594
80,617268.1908382,13.272139549255371,-19.35135269165039,-19.054397583007812,62.27521514892578,-13.189132690429688,-81.3541259765625,89.27338409423828,19.223588943481445,-149.58985900878906,55.93445587158203,59.070552825927734,-211.80242919921875,-5.163405895233154,116.1943588256836,-43.42307662963867,-55.54753112792969
81,617268.1948382,12.971113204956055,-23.78473472595215,-6.060287952423096,51.15464782714844,-60.73009490966797,-15.172574043273926,124.9515151977539,-51.90623092651367,-55.662845611572266,103.87797546386719,-119.39006042480469,-105.85995483398438,126.88349151611328,-131.34812927246094,-78.05517578125,401.8125915527344
82,617268.1988382,11.889678001403809,-25.127132415771484,8.678274154663086,42.510257720947266,-62.0219612121582,38.5598258972168,30.03085708618164,-98.09964752197266,124.36679077148438,29.314651489257812,-132.42955017089844,179.35325622558594,-25.851234436035156,-128.9163055419922,271.6428527832031,-134.236572265625
83,617268.2028381999,10.818931579589844,-26.17428207397461,25.08098602294922,10.790021896362305,-73.30720520019531,69.95137023925781,-27.667686462402344,-55.508216857910156,111.93665313720703,-177.21075439453125,42.47856903076172,102.82157135009766,-279.4686279296875,212.00604248046875,-18.47638511657715,-195.0286407470703
84,617268.2068381999,9.268046379089355,-26.20821762084961,33.633445739746094,-13.331253051757812,-25.161043167114258,96.75028228759766,-117.61762237548828,52.0518913269043,7.462031841278076,-62.785099029541016,112.74102020263672,-164.93589782714844,44.49567413330078,135.2458953857422,-168.12278747558594,329.1537780761719
85,617268.2108381998,8.364992141723633,-26.871219635009766,43.270751953125,-47.56804275512695,16.24796485900879,25.7827205657959,-91.19187927246094,98.55374145507812,-151.5387725830078,76.73240661621094,10.666171073913574,-57.78373336791992,92.13186645507812,-63.447547912597656,131.2091827392578,-24.5733642578125
86,617268.2148381998,6.527149677276611,-24.007404327392578,35.917076110839844,-61.98673629760742,50.42384719848633,-39.444828033447266,-8.601953506469727,63.800804138183594,-101.84992218017578,146.8815155029297,-171.5725860595703,144.6528778076172,-72.57064056396484,-16.465492248535156,43.2775764465332,-111.1722640991211
87,617268.2188381997,5.368990898132324,-17.40204429626465,37.24493408203125,-63.24831008911133,73.11860656738281,-63.76697540283203,56.050865173339844,-33.0777702331543,10.88864517211914,21.728099822998047,-54.86031723022461,91.1327133178711,-90.9063720703125,152.49461364746094,-58.095802307128906,315.6413269042969
88,617268.2228381997,3.6491382122039795,-12.056487083435059,23.455656051635742,-41.88850784301758,54.89936447143555,-92.03102111816406,70.68221282958984,-137.04112243652344,94.96237182617188,-185.5756072998047,88.35597229003906,-58.16836929321289,90.14505004882812,-47.31412887573242,17.988773345947266,52.185245513916016
89,617268.2268381997,1.7148791551589966,-6.0349273681640625,10.856208801269531,-19.39844512939453,27.829057693481445,-41.28663635253906,60.58148956298828,-94.01942443847656,113.49026489257812,-139.67709350585938,150.95858764648438,-154.31903076171875,67.05590057373047,-186.49021911621094,220.8903045654297,-226.30670166015625
90,617268.2530189,-1.2054823805840442e-10,1.5254526138305664,-4.005589962005615,9.051016807556152,-11.335291862487793,25.88853645324707,-26.104629516601562,28.11654281616211,-48.18466567993164,39.30541229248047,-98.92424774169922,62.26560592651367,-41.49227523803711,76.49703979492188,-103.01347351074219,203.30117797851562
91,617268.2570189,-1.8074729442596436,8.36867904663086,-18.815351486206055,32.56119155883789,-41.32020950317383,81.33967590332031,-63.18686294555664,128.1536865234375,-117.19161224365234,150.20298767089844,-209.95384216308594,189.1853485107422,-67.23371124267578,109.32154083251953,-36.76646423339844,121.42620849609375
92,617268.2610189,-3.4973697662353516,15.003759384155273,-35.591041564941406,44.35900115966797,-83.35709381103516,71.29950714111328,-96.08300018310547,67.60739135742188,-70.96004486083984,27.463577270507812,14.98604965209961,-39.25144958496094,182.7549285888672,-171.040771484375,205.18936157226562,-334.21331787109375
93,617268.2650188999,-5.188129901885986,18.425662994384766,-43.87660217285156,64.38717651367188,-61.13815689086914,64.15068054199219,-19.433198928833008,-22.302398681640625,65.16294860839844,-182.03466796875,122.54331970214844,-100.2266616821289,144.00677490234375,-56.57500076293945,-4.796334266662598,29.795886993408203
94,617268.2690188999,-7.035491943359375,23.438554763793945,-45.07150650024414,42.80469512939453,-23.187255859375,-13.010851860046387,55.82097625732422,-132.25299072265625,92.56028747558594,-108.39546966552734,42.05970764160156,45.947669982910156,-212.7412109375,156.5823974609375,-94.92264556884766,238.52684020996094
95,617268.2730188998,-8.238530158996582,27.186019897460938,-39.94835662841797,23.655099868774414,15.045798301696777,-80.96798706054688,111.46170043945312,-83.78409576416016,23.24131202697754,46.28009796142578,-145.16615295410156,146.8151092529297,-102.1931381225586,-5.054879665374756,139.41891479492188,-385.1307373046875
96,617268.2770188998,-9.887704849243164,31.011188507080078,-33.00142288208008,-1.19814932346344,49.57997512817383,-65.2939682006836,46.41244125366211,14.540167808532715,-99.24755859375,84.7210693359375,-128.52259826660156,-40.79576110839844,72.22716522216797,-323.6001892089844,162.84811401367188,51.22992706298828
97,617268.2810188998,-11.349748611450195,30.22044563293457,-16.857826232910156,-28.83867835998535,84.70977020263672,-67.85552978515625,-17.58656883239746,90.89269256591797,-120.50212097167969,14.238740921020508,116.49503326416016,-118.7271499633789,101.63574981689453,53.950355529785156,-211.32354736328125,246.88365173339844
98,617268.2850188997,-11.685641288757324,22.927228927612305,-1.090611219406128,-56.96882247924805,75.27193450927734,-0.10661489516496658,-104.66705322265625,79.88037872314453,3.5147488117218018,-143.2212371826172,187.98280334472656,4.520064353942871,-216.49034118652344,277.8083190917969,19.54996681213379,-233.03956604003906
99,617268.2890188997,-12.24126148223877,19.911584854125977,15.16110610961914,-66.97551727294922,27.759265899658203,43.25119400024414,-108.50811767578125,2.4808146953582764,166.14085388183594,-152.4942626953125,-66.0638656616211,141.6015625,-39.11686325073242,-171.0545654296875,146.04212951660156,-1.3556691408157349
100,617268.3168062001,-13.537178993225098,15.494858741760254,26.576438903808594,-44.2154655456543,-13.870665550231934,103.93998718261719,-39.405635833740234,-115.50360870361328,107.96723937988281,35.675697326660156,-121.29461669921875,18.30431365966797,155.47756958007812,-136.6548309326172,-194.95645141601562,116.00933837890625
101,617268.3208062,-14.014172554016113,9.380486488342285,39.83749008178711,-37.705204010009766,-42.732666015625,60.137939453125,65.48514556884766,-80.15670013427734,-28.778562545776367,123.35870361328125,-0.4735514223575592,-266.80804443359375,68.34168243408203,289.674072265625,-83.55580139160156,-188.4024658203125
102,617268.3248062,-13.425909042358398,1.9294363260269165,41.93010711669922,-5.397887229919434,-83.64127349853516,12.071450233459473,124.0556869506836,-11.884119033813477,-79.39344787597656,33.62161636352539,176.50682067871094,-28.205278396606445,-275.1253356933594,58.50873947143555,350.9720458984375,-19.894245147705078
103,617268.3288062,-14.004756927490234,-5.21299934387207,40.81424331665039,20.592487335205078,-51.5802116394043,-49.1949462890625,78.03781127929688,115.75308990478516,-75.3309326171875,-88.2730484008789,84.21155548095703,258.998046875,-32.229331970214844,-213.74856567382812,-12.337713241577148,81.70872497558594
104,617268.3328061999,-13.342565536499023,-11.133235931396484,29.341758728027344,39.8770866394043,-36.126953125,-89.24295806884766,-4.679941177368164,67.88121795654297,38.59743881225586,-96.46096801757812,-129.47886657714844,29.578868865966797,287.45501708984375,42.655982971191406,-138.52606201171875,-172.7748565673828
105,617268.3368061999,-13.208845138549805,-17.85455894470215,22.69464111328125,59.85228729248047,12.69909381866455,-62.697025299072266,-96.125732421875,37.89371109008789,82.40141296386719,80.3243408203125,-125.53099060058594,-112.60835266113281,2.9995241165161133,317.6930847167969,188.3598175048828,-160.27679443359375
106,617268.3408061998,-12.648837089538574,-23.049428939819336,6.714267253875732,44.17692947387695,47.588462829589844,-26.137582778930664,-110.8507308959961,-76.41474151611328,36.1567268371582,173.0404510498047,133.5523223876953,-48.540771484375,-254.85865783691406,-79.9339599609375,114.03070831298828,129.9559326171875
107,617268.3448061998,-12.145550727844238,-26.542211532592773,-8.827963829040527,38.00810241699219,83.32737731933594,36.81930923461914,-32.840606689453125,-102.48062133789062,-83.48307037353516,34.669158935546875,167.32943725585938,166.88319396972656,27.701017379760742,-201.97080993652344,-218.3105926513672,-136.32203674316406
108,617268.3488061997,-10.856637001037598,-30.577617645263672,-25.084579467773438,13.25067138671875,55.32558822631836,80.06112670898438,39.48448944091797,-53.86515426635742,-125.10618591308594,-129.05618286132812,-40.87820816040039,43.64039993286133,207.15701293945312,187.27020263671875,14.254408836364746,-216.3042755126953
109,617268.3528061997,-9.708168029785156,-28.957603454589844,-37.836978912353516,-15.041096687316895,22.887500762939453,75.48656463623047,126.7718734741211,56.066070556640625,-16.666231155395508,-75.04914093017578,-154.5767364501953,-114.02430725097656,-57.69796371459961,29.591276168823242,184.87892150878906,70.00196838378906
110,617268.357945,-8.106900215148926,-26.62653350830078,-41.54116439819336,-39.73468780517578,-12.88155460357666,34.921287536621094,103.32181549072266,102.83360290527344,135.3748321533203,40.274166107177734,-26.953393936157227,-171.39955139160156,-218.733642578125,-151.97817993164062,-103.31082916259766,-10.975264549255371
111,617268.361945,-6.576627731323242,-20.98503875732422,-38.52145004272461,-56.27515411376953,-56.21283721923828,-28.9616641998291,6.822605609893799,51.38141632080078,65.82640075683594,106.29561614990234,190.9313201904297,68.42076873779297,59.316558837890625,-11.297119140625,-144.571533203125,-230.6803741455078
112,617268.365945,-5.20603084564209,-18.362857818603516,-32.645103454589844,-64.33515930175781,-64.27998352050781,-68.14844512939453,-80.65218353271484,-35.28785705566406,-15.008813858032227,36.96443176269531,72.0326919555664,88.0313491821289,231.04449462890625,207.96234130859375,277.9384765625,47.17479705810547
113,617268.3699449999,-3.5744354724884033,-12.181925773620605,-29.50048065185547,-44.355655670166016,-65.6307601928711,-90.33731079101562,-119.44463348388672,-92.6841812133789,-173.2373809814453,-99.38674926757812,-84.02298736572266,-51.5460205078125,-122.98650360107422,-31.1995906829834,-19.303937911987305,22.928913116455078
114,617268.3739449999,-1.8059676885604858,-5.982037544250488,-10.103167533874512,-17.73639488220215,-27.39914321899414,-34.44059371948242,-62.4229621887207,-58.3604621887207,-72.30203247070312,-151.02317810058594,-108.19681549072266,-128.4975128173828,-236.93161010742188,-162.7991943359375,-224.00558471679688,-207.9636688232422
115,617268.3779449998,1.204123328824025e-10,1.3664788007736206,4.789156913757324,8.29704475402832,11.421979904174805,18.600669860839844,23.77144432067871,51.585205078125,53.89323806762695,80.56118774414062,61.44833755493164,68.7088623046875,124.4234848022461,182.32640075683594,39.763126373291016,132.51239013671875
116,617268.3819449998,1.7603538036346436,7.977837085723877,16.56321144104004,36.70317077636719,45.6473388671875,91.11468505859375,93.6194839477539,136.585693359375,162.97511291503906,165.84661865234375,82.28718566894531,69.49174499511719,57.1643180847168,61.00572204589844,44.32544708251953,133.11087036132812
117,617268.3859449998,3.4196529388427734,15.868027687072754,30.884552001953125,58.65364074707031,79.53675079345703,58.954071044921875,114.90011596679688,108.48615264892578,80.85891723632812,27.742156982421875,-9.166261672973633,-31.547077178955078,-49.928016662597656,-105.83662414550781,-328.32452392578125,-250.3751983642578
118,617268.3899449997,5.116668224334717,19.653186798095703,35.01228713989258,61.758174896240234,46.51676559448242,36.390140533447266,20.910139083862305,-32.02717590332031,-43.83869934082031,-139.4998321533203,-180.99630737304688,-73.12039184570312,-63.04298782348633,-89.62279510498047,8.746543884277344,81.06200408935547
119,617268.3939449997,6.85081672668457,26.10985565185547,36.488746643066406,52.71417999267578,29.119319915771484,-9.753793716430664,-57.4601936340332,-66.25958251953125,-86.11239624023438,-134.23036193847656,-53.28144073486328,58.37725067138672,54.08629608154297,273.4338073730469,247.34507751464844,164.68038940429688
120,617268.3893165,7.909647464752197,28.123193740844727,36.25350570678711,30.194272994995117,-11.027979850769043,-64.95243072509766,-127.06488037109375,-62.38694381713867,-29.837974548339844,62.166133880615234,98.51055908203125,192.2095947265625,69.71504974365234,-2.7803845405578613,-161.33340454101562,-239.0157928466797
121,617268.3933165,9.696866989135742,26.801366806030273,25.74888801574707,-1.2620874643325806,-53.6282844543457,-92.65508270263672,-57.72238540649414,7.627556324005127,118.52394104003906,138.14454650878906,65.11117553710938,-23.343713760375977,-201.13998413085938,-178.9647979736328,-118.21009063720703,40.01306915283203
122,617268.3973165,10.51726245880127,26.217147827148438,15.661720275878906,-29.31260871887207,-58.912174224853516,-69.37850952148438,13.161277770996094,105.93321228027344,80.63616180419922,35.43994140625,-151.6439666748047,-217.20599365234375,-90.51932525634766,81.02086639404297,112.42562866210938,278.5919189453125
123,617268.4013164999,11.921408653259277,26.881206512451172,1.1134392023086548,-54.901859283447266,-63.000980377197266,-0.08900569379329681,102.2769546508789,133.7331085205078,-1.6120193004608154,-98.20716857910156,-75.62104034423828,10.03419303894043,210.49594116210938,74.38736724853516,-8.018289566040039,-298.3636474609375
124,617268.4053164999,12.264495849609375,22.368539810180664,-15.298462867736816,-59.16859436035156,-28.490201950073242,67.17945098876953,65.13880920410156,3.1495413780212402,-130.8927001953125,-78.16442108154297,75.1310043334961,156.67254638671875,69.69478607177734,-167.73370361328125,-217.64768981933594,-0.3879740834236145
125,617268.4093164998,13.700546264648438,15.985957145690918,-25.668861389160156,-53.05982971191406,15.087936401367188,95.22958374023438,34.328956604003906,-102.0306396484375,-69.00366973876953,79.37008666992188,216.52923583984375,11.868781089782715,-95.82980346679688,-115.38384246826172,207.19078063964844,339.89752197265625
126,617268.4133164998,14.102968215942383,9.492888450622559,-40.48744583129883,-32.694454193115234,59.88954162597656,57.15937042236328,-37.94584655761719,-120.14381408691406,20.937210083007812,189.58975219726562,0.5032566785812378,-149.58322143554688,-79.37982177734375,83.1868667602539,154.1884765625,-214.8144073486328
127,617268.4173164997,14.338841438293457,2.1239662170410156,-47.87313461303711,-6.224633693695068,78.63967895507812,12.469386100769043,-107.70252990722656,-21.967838287353516,155.76832580566406,34.23674392700195,-128.46255493164062,-16.10843276977539,124.18262481689453,68.73331451416016,-187.29409790039062,-58.92495346069336
128,617268.4213164997,13.76353645324707,-5.007023334503174,-45.82571792602539,19.118633270263672,48.886985778808594,-51.057647705078125,-94.42051696777344,63.377540588378906,86.01081085205078,-63.77349090576172,-62.52119064331055,233.0869903564453,20.018178939819336,-83.83805847167969,6.305962085723877,336.7344970703125
129,617268.4253164997,14.329755783081055,-12.741036415100098,-33.00267791748047,46.157466888427734,26.589778900146484,-64.99054718017578,4.960543155670166,76.5546875,-56.77793884277344,-129.80516052246094,172.2439422607422,63.19507598876953,-79.99608612060547,43.43356704711914,176.0503692626953,-107.74906158447266
130,617268.4172153,12.995915412902832,-19.43910026550293,-19.10772132873535,56.39867401123047,-15.692354202270508,-91.58505249023438,87.83177185058594,35.187294006347656,-171.1367950439453,90.06482696533203,107.5022201538086,-163.20384216308594,-7.432369709014893,156.20834350585938,-62.70330047607422,-124.37960815429688
131,617268.4212153,13.268577575683594,-22.8659610748291,-6.330351829528809,52.206268310546875,-43.1580696105957,-21.898719787597656,90.74185943603516,-57.984779357910156,-62.154911041259766,159.98471069335938,-63.743953704833984,-85.42057800292969,254.5379638671875,-51.78215026855469,-58.20612335205078,99.48107147216797
132,617268.4252152999,12.437578201293945,-27.0389404296875,8.3379487991333,35.48419952392578,-73.18699645996094,38.230403900146484,45.87532043457031,-110.28587341308594,107.03076934814453,33.08097457885742,-100.74271392822266,181.6827392578125,-25.55324935913086,-222.36570739746094,200.8390350341797,-83.56892395019531
133,617268.4292152999,10.843273162841797,-27.50784683227539,21.649906158447266,15.0374755859375,-76.20377349853516,89.3624038696289,-54.36811828613281,-42.02730178833008,156.0918426513672,-158.6693878173828,50.329261779785156,41.229949951171875,-257.03216552734375,162.35829162597656,-14.377761840820312,-254.8563690185547
134,617268.4332152999,9.405858993530273,-30.80738067626953,34.49607467651367,-13.247956275939941,-28.89679718017578,55.34371566772461,-96.04861450195312,60.50032424926758,7.56877326965332,-86.58865356445312,85.6824722290039,-83.15724182128906,43.819068908691406,109.53964233398438,-285.1016845703125,210.79283142089844
135,617268.4372152998,8.166593551635742,-25.129894256591797,47.21586608886719,-34.04438400268555,16.94707489013672,32.857093811035156,-74.70748138427734,131.12510681152344,-126.46507263183594,52.54252243041992,25.583093643188477,-162.2716827392578,125.10223388671875,-107.80248260498047,100.10070037841797,-34.03647232055664
136,617268.4412152998,7.042571544647217,-21.309553146362305,46.063575744628906,-50.60404586791992,64.07389068603516,-32.601417541503906,-5.090236663818359,72.49979400634766,-145.85699462890625,167.83798217773438,-137.60943603515625,164.255859375,-51.68393325805664,-30.692947387695312,194.23423767089844,-42.539859771728516
137,617268.4452152997,5.11670446395874,-17.85413360595703,36.253395080566406,-51.46965026855469,54.58839416503906,-76.37262725830078,82.6158218383789,-68.42041778564453,26.98189353942871,15.32030200958252,-110.25276947021484,160.04510498046875,-82.74214935302734,335.14208984375,-89.49610137939453,132.90927124023438
138,617268.4492152997,3.3756308555603027,-12.955347061157227,24.916994094848633,-35.11171340942383,52.83439636230469,-76.23664855957031,85.9322280883789,-146.180908203125,86.50264739990234,-146.4060821533203,58.653011322021484,-136.28834533691406,110.25212097167969,-50.90028762817383,10.271211624145508,49.19529342651367
139,617268.4532152996,1.8253449201583862,-5.524396896362305,12.148479461669922,-17.36135482788086,31.738567352294922,-28.99725914001465,44.73750305175781,-49.26719284057617,56.98750686645508,-61.7921028137207,111.18231201171875,-185.89247131347656,118.01171875,-177.86917114257812,299.7244567871094,-358.6534118652344
140,617268.4746093,-1.1270583077926943e-10,1.3863219022750854,-3.6732990741729736,7.084541320800781,-16.10084342956543,19.57233238220215,-20.64594268798828,52.64471435546875,-66.76332092285156,48.874534606933594,-47.27306365966797,104.5292739868164,-114.6497573852539,150.1406707763672,-56.512962341308594,194.3296661376953
141,617268.4786093,-1.801789402961731,8.12492561340332,-19.380781173706055,39.37961959838867,-40.20791244506836,80.0804672241211,-95.92155456542969,122.16439056396484,-151.8727264404297,136.64059448242188,-128.5528106689453,128.522705078125,-165.7603302001953,95.82960510253906,-35.24410629272461,122.22425079345703
142,617268.4826093,-3.3415284156799316,15.780593872070312,-36.352237701416016,60.50346374511719,-84.98471069335938,105.27996063232422,-69.23027038574219,111.4736557006836,-35.721378326416016,18.08566665649414,21.252506256103516,-45.175010681152344,87.65824127197266,-105.52228546142578,255.95907592773438,-161.73907470703125
143,617268.4866092999,-5.394833087921143,20.53530502319336,-36.37316131591797,52.11091232299805,-47.33612823486328,54.47300720214844,-25.957948684692383,-23.97844696044922,56.954750061035156,-76.56085205078125,193.23974609375,-68.75023651123047,164.8511505126953,-87.39861297607422,-4.029648780822754,93.95918273925781
144,617268.4906092999,-6.750059127807617,26.174800872802734,-36.660282135009766,52.351585388183594,-26.53682518005371,-10.814303398132324,59.25008010864258,-74.93736267089844,146.63340759277344,-124.98678588867188,58.434898376464844,73.6739730834961,-188.3570098876953,234.350830078125,-251.71978759765625,55.686500549316406
145,617268.4946092998,-8.180211067199707,25.235654830932617,-34.612098693847656,29.933612823486328,10.544910430908203,-76.2479248046875,110.51494598388672,-99.67317962646484,21.27364730834961,60.58544921875,-160.9474639892578,207.4320526123047,-93.99698638916016,-6.974298477172852,133.9469757080078,-338.4197692871094
146,617268.4986092998,-9.774571418762207,26.549312591552734,-32.1827507019043,-1.5844109058380127,60.30621337890625,-77.13114166259766,71.92716217041016,7.579498291015625,-97.60601043701172,208.94007873535156,-80.41964721679688,-21.39657211303711,127.86560821533203,-185.8394012451172,72.552978515625,51.62939453125
147,617268.5026092997,-10.566216468811035,27.251789093017578,-15.119900703430176,-33.19888687133789,73.73212432861328,-45.32418441772461,-16.458585739135742,87.2099380493164,-131.31765747070312,32.750526428222656,146.49560546875,-118.9990005493164,75.09573364257812,63.06905746459961,-102.79161071777344,206.99356079101562
148,617268.5066092997,-12.291189193725586,26.689865112304688,-1.1184061765670776,-55.162933349609375,53.6851806640625,-0.09482032060623169,-76.57566833496094,72.78416442871094,3.1472277641296387,-104.07942199707031,79.42821502685547,11.517964363098145,-264.2232666015625,114.2945556640625,20.330331802368164,-48.341041564941406
149,617268.5106092996,-12.569032669067383,19.04764175415039,15.637757301330566,-57.46892547607422,28.09250831604004,51.2292366027832,-114.34629821777344,3.418396234512329,151.20919799804688,-77.52223205566406,-33.90705490112305,219.4761199951172,-40.840065002441406,-121.42483520507812,209.09315490722656,-0.4088897109031677
150,617268.5440558001,-13.059652328491211,15.862146377563477,27.425809860229492,-50.05584716796875,-16.924535751342773,67.2928466796875,-36.426971435546875,-115.74651336669922,68.6778793334961,87.6578598022461,-185.72767639160156,16.96711540222168,250.64259338378906,-160.61050415039062,-132.5468292236328,355.833984375
151,617268.5480558,-13.698759078979492,9.023030281066895,39.241695404052734,-33.49662780761719,-63.43161392211914,81.3825912475586,46.26678466796875,-80.96297454833984,-29.59840965270996,206.24119567871094,-0.3300425112247467,-197.37527465820312,76.2342300415039,188.31332397460938,-89.95406341552734,-290.7909851074219
152,617268.5520558,-13.708684921264648,2.317808151245117,46.05104064941406,-5.991632461547852,-77.29875183105469,9.937196731567383,131.5327606201172,-15.133283615112305,-100.13562774658203,36.89229965209961,87.9753189086914,-37.348628997802734,-239.6722412109375,24.237144470214844,132.2267608642578,-41.3441047668457
153,617268.5560557999,-14.487199783325195,-4.535898208618164,41.811519622802734,25.338232040405273,-57.022621154785156,-35.94296646118164,79.39744567871094,110.30670928955078,-77.60668182373047,-140.5988311767578,84.17540740966797,186.78221130371094,-18.286020278930664,-153.3031768798828,-13.159448623657227,396.0783996582031
154,617268.5600557999,-13.614349365234375,-11.020118713378906,34.16643524169922,41.4872932434082,-32.04212188720703,-106.47929382324219,-4.6324567794799805,132.72900390625,88.64405059814453,-84.68527221679688,-198.29690551757812,61.66133499145508,294.81170654296875,47.54765701293945,-249.28807067871094,-53.37447738647461
155,617268.5640557999,-12.823053359985352,-19.431116104125977,20.1502685546875,48.17103958129883,15.260026931762695,-92.35710144042969,-105.26034545898438,33.702911376953125,153.1212921142578,31.58442497253418,-67.42073822021484,-178.12335205078125,6.43504524230957,219.64100646972656,228.5361328125,-47.560646057128906
156,617268.5680557998,-13.191394805908203,-24.503679275512695,5.5390238761901855,52.4943962097168,45.64755630493164,-17.320451736450195,-112.95730590820312,-92.12997436523438,55.173606872558594,150.4491729736328,137.65817260742188,-113.43034362792969,-253.85609436035156,-86.37806701660156,181.9433135986328,69.1249771118164
157,617268.5720557998,-11.438047409057617,-25.88589096069336,-8.727968215942383,33.54225158691406,72.73716735839844,32.980873107910156,-35.35488510131836,-102.91167449951172,-123.99259948730469,37.09638977050781,71.64449310302734,186.69029235839844,11.706146240234375,-245.0281982421875,-232.10963439941406,-35.84330749511719
158,617268.5760557997,-10.862560272216797,-27.938011169433594,-24.01705551147461,10.868053436279297,57.087913513183594,65.3818359375,42.353904724121094,-54.97779083251953,-151.7208251953125,-137.5084991455078,-38.491661071777344,130.58277893066406,216.94639587402344,56.45780944824219,12.287307739257812,-130.9491729736328
159,617268.5800557997,-9.960978507995605,-28.97147560119629,-35.867462158203125,-13.476276397705078,27.316368103027344,86.39510345458984,68.6343765258789,45.544002532958984,-8.306562423706055,-144.1862030029297,-123.14237213134766,-106.40554809570312,-44.384151458740234,150.79171752929688,290.00439453125,304.6861877441406
160,617268.5821833,-8.499421119689941,-25.7366943359375,-46.2894172668457,-46.657264709472656,-12.757526397705078,25.709590911865234,108.14862060546875,136.2649383544922,82.57282257080078,51.60389709472656,-28.32406997680664,-129.93162536621094,-145.66102600097656,-133.66891479492188,-91.72184753417969,-18.383543014526367
161,617268.5861833,-6.919271945953369,-21.744918823242188,-42.837608337402344,-55.50725173950195,-59.88223648071289,-28.36904525756836,7.309014797210693,78.44148254394531,115.7723159790039,204.35366821289062,189.2775115966797,95.93124389648438,51.43537521362305,-34.366546630859375,-93.62097930908203,-286.3200378417969
162,617268.5901833,-5.2975873947143555,-18.673404693603516,-31.9412841796875,-47.76688003540039,-56.60651397705078,-77.41563415527344,-82.34178924560547,-35.217647552490234,-13.299042701721191,18.702838897705078,71.23749542236328,110.13654327392578,270.59588623046875,87.8759765625,74.63963317871094,267.4940185546875
163,617268.5941832999,-3.57736873626709,-12.946737289428711,-22.97603416442871,-42.39841842651367,-71.57923889160156,-80.38484191894531,-102.6102294921875,-151.5806427001953,-115.11717224121094,-131.64158630371094,-184.2489776611328,-124.7804946899414,-111.63176727294922,-32.06442642211914,-26.13054847717285,22.28982925415039
164,617268.5981832999,-1.7201848030090332,-6.020968914031982,-11.771010398864746,-18.576061248779297,-34.95446014404297,-31.778553009033203,-66.35433959960938,-51.19508361816406,-73.38282012939453,-126.92570495605469,-146.24317932128906,-193.1135711669922,-110.38978576660156,-78.5527114868164,-133.29171752929688,-211.85263061523438
165,617268.6021832998,1.1685274969863713e-10,1.368452787399292,4.818014144897461,9.530479431152344,17.527851104736328,23.429574966430664,26.154489517211914,30.407384872436523,51.6701774597168,47.40670394897461,45.6754150390625,71.05718231201172,108.90735626220703,191.18821716308594,238.27793884277344,224.9192352294922
166,617268.6061832998,1.797347068786621,8.734319686889648,21.811134338378906,33.548221588134766,43.50260543823242,66.7015609741211,75.0457992553711,131.8010711669922,168.33322143554688,157.0258331298828,136.15394592285156,207.9872589111328,213.20989990234375,184.64064025878906,50.3891487121582,125.28995513916016
167,617268.6101832998,3.598341703414917,13.936962127685547,35.37852096557617,57.29883575439453,57.790401458740234,60.298484802246094,88.66365051269531,82.75588989257812,51.69292449951172,14.936639785766602,-12.43531608581543,-73.8769302368164,-94.01363372802734,-105.66265869140625,-333.1247253417969,-139.25965881347656
168,617268.6141832997,5.252615451812744,18.952119827270508,44.83970260620117,60.1981086730957,50.358856201171875,55.51599884033203,19.41451644897461,-17.70758819580078,-60.487239837646484,-145.76849365234375,-166.69395446777344,-236.5752716064453,-122.36749267578125,-92.37994384765625,11.714207649230957,168.5961456298828
169,617268.6181832997,6.517168998718262,22.937318801879883,46.194427490234375,45.93015670776367,30.141460418701172,-10.833075523376465,-78.7866439819336,-141.4163055419922,-175.2880096435547,-67.354736328125,-36.58759307861328,50.60224151611328,178.50621032714844,256.5881652832031,102.82971954345703,56.21281051635742
170,617268.6085068,8.331586837768555,26.643856048583984,40.28166580200195,25.136112213134766,-11.360773086547852,-54.255027770996094,-109.14835357666016,-109.13653564453125,-16.157302856445312,65.33808898925781,184.0824432373047,144.87173461914062,39.95075988769531,-5.125796794891357,-35.69724655151367,-60.739376068115234
171,617268.6125068,9.8256196975708,30.89885902404785,27.16008949279785,-1.1939432621002197,-51.711029052734375,-90.52072143554688,-43.25385284423828,11.236681938171387,59.29436492919922,72.8448715209961,55.309852600097656,-31.94506072998047,-201.29774475097656,-284.76617431640625,-153.04110717773438,26.819293975830078
172,617268.6165067999,10.65465259552002,27.670381546020508,15.356361389160156,-29.093734741210938,-59.08456039428711,-64.86271667480469,15.310589790344238,140.05816650390625,97.00239562988281,23.58873176574707,-91.08799743652344,-154.937255859375,-74.73641967773438,80.4465103149414,227.60009765625,180.093017578125
173,617268.6205067999,11.923831939697266,25.22051239013672,1.1525217294692993,-44.23651123046875,-66.85017395019531,-0.08702002465724945,56.74858474731445,103.1534194946289,-1.7999244928359985,-163.82664489746094,-121.83045959472656,7.102088451385498,202.0980987548828,237.0199432373047,-15.387797355651855,-361.630615234375
174,617268.6245067999,12.604934692382812,18.88671112060547,-13.470390319824219,-59.38694381713867,-35.62413787841797,71.40653991699219,103.60939025878906,3.406642198562622,-69.34234619140625,-144.0477294921875,28.960372924804688,171.99908447265625,68.40373992919922,-107.25933837890625,-137.42910766601562,-0.6592329144477844
175,617268.6285067998,13.420971870422363,14.26793098449707,-29.763906478881836,-49.344295501708984,15.512311935424805,66.3563461303711,30.962081909179688,-77.30854034423828,-58.32482147216797,74.65962219238281,103.77149200439453,16.629432678222656,-127.98219299316406,-152.34597778320312,172.24148559570312,127.98731231689453
176,617268.6325067998,13.790505409240723,8.531367301940918,-38.06523132324219,-27.988048553466797,48.31254196166992,73.49332427978516,-35.81949996948242,-122.35284423828125,42.621070861816406,101.23855590820312,0.5891746878623962,-230.99403381347656,-49.31595993041992,207.064697265625,182.42088317871094,-274.1600036621094
177,617268.6365067997,13.655271530151367,2.0741465091705322,-45.58123016357422,-4.882086753845215,66.97663879394531,8.410284996032715,-122.51458740234375,-20.777530670166016,166.474365234375,23.342334747314453,-84.10665130615234,-15.46506404876709,105.6142349243164,18.32718276977539,-93.97010803222656,-61.92593765258789
178,617268.6405067997,14.455042839050293,-5.252998352050781,-43.841522216796875,22.376306533813477,68.81169128417969,-50.78072738647461,-65.62126922607422,75.41314697265625,68.39228057861328,-138.19366455078125,-81.92427825927734,261.5495910644531,26.873905181884766,-250.22584533691406,24.52689552307129,174.85899353027344
179,617268.6445067996,13.808671951293945,-12.060232162475586,-29.932872772216797,50.66177749633789,34.68047332763672,-96.13933563232422,3.2150185108184814,131.7328338623047,-76.807373046875,-113.27738189697266,193.40093994140625,62.696388244628906,-96.88379669189453,14.125574111938477,233.57752990722656,-205.1107940673828
180,617268.6343471,13.65912914276123,-18.28306770324707,-23.852033615112305,50.51901626586914,-10.85595989227295,-66.6634292602539,98.73048400878906,30.396028518676758,-104.18037414550781,71.2479019165039,158.03904724121094,-143.7970428466797,-7.95354700088501,176.9782257080078,-167.10476684570312,-72.20037078857422
181,617268.6383471,12.819451332092285,-21.723329544067383,-6.953766822814941,49.914955139160156,-47.47110366821289,-26.802127838134766,77.6078872680664,-53.23198318481445,-63.862327575683594,168.495849609375,-111.91715240478516,-68.49415588378906,234.87319946289062,-145.70843505859375,-111.42156982421875,316.40887451171875
182,617268.6423471,12.01807975769043,-26.906421661376953,10.889174461364746,32.34976577758789,-87.57064819335938,52.53050994873047,46.46730422973633,-77.10330200195312,118.54613494873047,34.02488327026367,-108.12503051757812,128.05198669433594,-15.270545959472656,-73.48683166503906,342.50848388671875,-146.57025146484375
183,617268.6463470999,11.015260696411133,-29.02799415588379,21.621789932250977,11.54642105102539,-52.74696350097656,69.33131408691406,-51.80421829223633,-39.67459487915039,117.03667449951172,-89.83271789550781,50.433692932128906,75.28336334228516,-198.52503967285156,79.11271667480469,-12.306391716003418,-31.907512664794922
184,617268.6503470999,9.439408302307129,-25.88694953918457,34.86848831176758,-16.921485900878906,-23.84196662902832,91.05802154541016,-104.90641021728516,59.368011474609375,17.619606018066406,-98.66758728027344,204.62686157226562,-103.08917236328125,55.22707748413086,112.18643188476562,-111.96427917480469,380.21282958984375
185,617268.6543470998,8.212085723876953,-25.978891372680664,47.14850616455078,-31.866849899291992,11.58113956451416,34.639102935791016,-89.96658325195312,105.31259155273438,-101.84256744384766,86.12890625,28.812246322631836,-128.89202880859375,85.03702545166016,-254.62208557128906,182.0714569091797,-47.76194763183594
186,617268.6583470998,6.95422887802124,-21.97522735595703,37.21833801269531,-56.14399337768555,51.54006576538086,-33.87213897705078,-7.148487567901611,54.46964645385742,-97.4677505493164,179.5050506591797,-174.67059326171875,71.08312225341797,-88.27228546142578,-23.592714309692383,173.34947204589844,-199.5454559326172
187,617268.6623470997,5.101603984832764,-18.181703567504883,39.711578369140625,-47.382076263427734,87.2384033203125,-56.582271575927734,87.65008544921875,-48.66122817993164,14.316717147827148,29.933427810668945,-59.433223724365234,117.77396392822266,-135.21434020996094,136.74749755859375,-109.0811996459961,102.69581604003906
188,617268.6663470997,3.454188346862793,-12.940606117248535,24.142017364501953,-48.05465316772461,61.662471771240234,-103.56478118896484,92.08010864257812,-135.47181701660156,100.14161682128906,-168.18556213378906,110.68182373046875,-50.325565338134766,30.64789390563965,-83.2312240600586,21.1271915435791,26.619028091430664
189,617268.6703470997,1.834104061126709,-5.377142906188965,13.243937492370605,-22.43208122253418,23.827110290527344,-30.614906311035156,38.974205017089844,-81.63690185546875,64.83183288574219,-84.70314025878906,62.97756576538086,-146.86952209472656,57.386539459228516,-57.42377853393555,123.95896911621094,-242.8963623046875
190,617268.6797725001,-1.1753138740022706e-10,1.4078152179718018,-4.129330158233643,9.428037643432617,-16.22831153869629,22.228416442871094,-29.62200355529785,35.91115951538086,-71.3349609375,90.55184936523438,-104.40345001220703,73.72173309326172,-68.58396911621094,38.61927032470703,-215.9010467529297,80.3274917602539
191,617268.6837725,-1.789967656135559,8.988882064819336,-22.395122528076172,33.517547607421875,-42.11798095703125,60.21437454223633,-64.23822784423828,145.17604064941406,-132.7761688232422,118.79376983642578,-68.29683685302734,190.6179962158203,-78.76936340332031,107.09178161621094,-135.1925506591797,43.448646545410156
192,617268.6877725,-3.5210959911346436,14.39283561706543,-29.624204635620117,43.29834747314453,-74.22395324707031,98.46039581298828,-90.83020782470703,98.224365234375,-50.932125091552734,36.820926666259766,17.49386978149414,-74.17211151123047,64.8034439086914,-84.82283020019531,128.03309631347656,-221.94744873046875
193,617268.6917724999,-5.215997695922852,18.80083465576172,-38.840118408203125,45.809104919433594,-62.54884719848633,45.95615005493164,-22.656391143798828,-16.658660888671875,111.16609954833984,-162.91458129882812,237.47613525390625,-83.38927459716797,64.24166107177734,-117.04617309570312,-12.853108406066895,164.55674743652344
194,617268.6957724999,-6.899681091308594,23.466705322265625,-45.84083557128906,49.82374954223633,-33.89605712890625,-8.455709457397461,66.07838439941406,-120.21497344970703,80.74888610839844,-80.315673828125,46.72652053833008,52.77522277832031,-129.66921997070312,127.36510467529297,-233.8829345703125,209.3404083251953
195,617268.6997724999,-8.077474594116211,26.783872604370117,-36.138980865478516,24.81181526184082,15.519760131835938,-51.09225082397461,104.92088317871094,-103.86942291259766,37.736854553222656,30.88436508178711,-166.02980041503906,241.50051879882812,-106.23200988769531,-3.1694936752319336,94.33443450927734,-377.717041015625
196,617268.7037724998,-9.692708969116211,27.126998901367188,-25.533981323242188,-1.1368662118911743,41.83740234375,-104.01726531982422,74.84109497070312,12.66176700592041,-62.50147247314453,103.50809478759766,-82.47663116455078,-41.226253509521484,126.0035171508789,-127.5887680053711,166.69151306152344,46.85490798950195
197,617268.7077724998,-10.466475486755371,28.5936222076416,-14.812264442443848,-30.877910614013672,67.8471908569336,-42.375850677490234,-12.999991416931152,69.17743682861328,-138.55328369140625,33.63298034667969,82.63268280029297,-224.03024291992188,102.78398132324219,116.27851104736328,-114.76671600341797,147.56036376953125
198,617268.7117724997,-11.735471725463867,25.23703384399414,-1.0597684383392334,-56.030418395996094,59.86875534057617,-0.09636903554201126,-103.93287658691406,78.71067810058594,3.230189085006714,-95.2885513305664,196.57888793945312,7.308619499206543,-172.748046875,103.75670623779297,23.43053436279297,-362.0639343261719
199,617268.7157724997,-12.21047592163086,18.781719207763672,12.589187622070312,-66.94397735595703,36.41286849975586,62.542938232421875,-117.69786071777344,4.252246856689453,89.84593963623047,-89.51286315917969,-70.37284851074219,151.96728515625,-56.93071746826172,-146.06199645996094,79.65668487548828,-1.1771794557571411
200,617268.7283492,-12.938220024108887,14.418944358825684,31.282514572143555,-49.62235641479492,-15.249693870544434,107.6989974975586,-24.65287208557129,-91.77904510498047,110.59303283691406,56.86675262451172,-158.34030151367188,18.00235939025879,262.9883117675781,-101.62755584716797,-180.88491821289062,214.7769775390625
201,617268.7323491999,-13.868022918701172,8.7830810546875,36.524837493896484,-34.21288299560547,-55.1418571472168,49.48827362060547,64.61573791503906,-107.23006439208984,-49.448638916015625,78.51119995117188,-0.32537180185317993,-171.77108764648438,49.63448715209961,161.34962463378906,-120.5459213256836,-264.1559143066406
202,617268.7363491999,-13.866816520690918,2.1227786540985107,42.260276794433594,-6.21021842956543,-69.7922134399414,7.910952568054199,79.36300659179688,-23.27606773376465,-164.4027862548828,20.46538734436035,210.56028747558594,-44.31987380981445,-78.11637878417969,27.96512222290039,341.28424072265625,-84.6368637084961
203,617268.7403491999,-13.723570823669434,-4.780024528503418,40.097679138183594,23.377784729003906,-72.83001708984375,-45.32357406616211,85.72901916503906,95.77666473388672,-89.17701721191406,-173.353759765625,79.42752075195312,215.63011169433594,-23.783428192138672,-274.5120544433594,-25.46409034729004,97.29393005371094
204,617268.7443491998,-13.322684288024902,-11.701284408569336,35.47657012939453,37.94472122192383,-31.442895889282227,-83.34574890136719,-5.943342208862305,140.87152099609375,44.7957649230957,-134.0081024169922,-71.9444808959961,59.51731491088867,157.59747314453125,20.38312339782715,-157.3640594482422,-192.29856872558594
205,617268.7483491998,-13.76342487335205,-19.26620101928711,20.947959899902344,66.46442413330078,15.57228946685791,-76.96331787109375,-99.16786193847656,42.387874603271484,183.65269470214844,79.1346435546875,-129.9088897705078,-204.69927978515625,5.859384059906006,152.5699005126953,118.71685791015625,-163.0152587890625
206,617268.7523491997,-13.15750789642334,-21.574222564697266,6.482349395751953,58.517112731933594,55.937400817871094,-17.132186889648438,-107.5750961303711,-86.71460723876953,33.60830307006836,113.01194763183594,63.813270568847656,-72.23725891113281,-238.8840789794922,-45.312286376953125,37.473270416259766,349.17620849609375
207,617268.7563491997,-12.265666007995605,-26.52634048461914,-8.334671974182129,35.70191192626953,70.36273193359375,50.48233413696289,-51.29301834106445,-67.3203125,-83.0958251953125,30.911001205444336,76.38516235351562,235.52703857421875,10.328166007995605,-237.41639709472656,-67.07889556884766,-84.73634338378906
208,617268.7603491996,-11.238565444946289,-27.50341033935547,-25.292606353759766,13.227079391479492,54.068885803222656,76.88060760498047,50.96504592895508,-52.55695724487305,-116.14482116699219,-160.84405517578125,-50.54370880126953,133.1328125,222.20492553710938,101.98050689697266,4.287887096405029,-39.71299743652344
209,617268.7643491996,-9.512028694152832,-27.169769287109375,-32.93220138549805,-14.881608963012695,29.56103515625,96.98043060302734,62.162723541259766,53.20384979248047,-14.010649681091309,-134.83953857421875,-137.63429260253906,-83.31754302978516,-54.300437927246094,83.5003433227539,119.24346160888672,314.1664733886719
210,617268.7850385001,-8.298245429992676,-27.624610900878906,-45.551422119140625,-38.0961799621582,-11.537394523620605,39.34664535522461,72.1828842163086,106.39297485351562,121.68553161621094,75.14005279541016,-18.302017211914062,-120.02369689941406,-229.8915557861328,-316.7791442871094,-206.60369873046875,-43.73126220703125
211,617268.7890385,-6.503055095672607,-25.290794372558594,-36.27128601074219,-54.13686752319336,-44.52532958984375,-29.86528968811035,10.272440910339355,67.6280288696289,59.26906967163086,140.77200317382812,137.81387329101562,52.174747467041016,58.15672302246094,-7.321409702301025,-109.8775863647461,-155.92796325683594
212,617268.7930385,-5.2529120445251465,-17.97306251525879,-32.39638900756836,-53.81603240966797,-84.47359466552734,-82.17478942871094,-81.06993865966797,-71.26195526123047,-14.882716178894043,35.64655685424805,100.29122924804688,116.71026611328125,206.85496520996094,229.52792358398438,209.59722900390625,104.10881042480469
213,617268.7970385,-3.664118766784668,-11.321393966674805,-28.619346618652344,-36.886531829833984,-53.47254943847656,-94.13455200195312,-123.52012634277344,-113.59088897705078,-130.84365844726562,-106.50940704345703,-136.87942504882812,-86.2346420288086,-59.450992584228516,-75.58668518066406,-21.354976654052734,15.346696853637695
214,617268.8010384999,-1.74295175075531,-5.125744342803955,-10.991353988647461,-16.910005569458008,-33.68027877807617,-29.5427303314209,-45.33244323730469,-95.34500122070312,-85.00492858886719,-78.14037322998047,-58.1074104309082,-198.96832275390625,-56.17683792114258,-72.80303955078125,-72.88885498046875,-120.83820343017578
215,617268.8050384999,1.1302059982343238e-10,1.4022724628448486,4.4353413581848145,7.913209438323975,15.795226097106934,15.625834465026855,37.16155242919922,39.16535568237305,51.660858154296875,89.86849212646484,82.45028686523438,120.62165832519531,150.334716796875,139.71835327148438,108.10872650146484,110.8509521484375
216,617268.8090384998,1.7310254573822021,7.694174289703369,18.78347396850586,36.296287536621094,63.501930236816406,56.40097427368164,113.50971221923828,91.18159484863281,78.95049285888672,105.13697052001953,205.29049682617188,228.0015411376953,215.37554931640625,179.33547973632812,113.65384674072266,147.81088256835938
217,617268.8130384998,3.646871566772461,15.954237937927246,33.6507568359375,61.88712692260742,69.63424682617188,98.56135559082031,76.64591217041016,59.71842956542969,35.491451263427734,26.552900314331055,-23.45403480529785,-63.00974655151367,-124.75672912597656,-120.2053451538086,-155.12559509277344,-186.1076202392578
218,617268.8170384998,5.099637985229492,22.39600944519043,40.10465621948242,60.70088577270508,66.23050689697266,57.96150588989258,20.197349548339844,-34.788665771484375,-77.67582702636719,-168.25137329101562,-212.9966583251953,-152.11553955078125,-115.71522521972656,-94.65801239013672,9.011561393737793,92.36846160888672
219,617268.8210384997,7.136214733123779,24.994461059570312,46.36770248413086,44.17580795288086,26.06057357788086,-11.681669235229492,-63.57154846191406,-68.41577911376953,-122.36134338378906,-92.78333282470703,-35.734100341796875,25.131296157836914,102.71391296386719,325.1647644042969,342.5478820800781,139.01185607910156
220,617268.8158244,8.329678535461426,28.060710906982422,35.52238082885742,21.305221557617188,-11.682672500610352,-62.966182708740234,-90.0114974975586,-65.53142547607422,-36.0388298034668,40.5239372253418,148.4349822998047,178.6421661376953,162.47274780273438,-3.729403257369995,-199.21315002441406,-298.23681640625
